75376737
76442028
66006362
76614621
77766031
74415605
76868758
74232417
76079614
76660099
65956350
65793419
66313104
65324566
76242866
75257372
76391247
67113566
64257845
74755938
66628632
76608007
65283737
76225575
66292652
65995392
66423471
66283610
76641726
64694456
77217205
76545465
67340679
66060606
65144947
76210085
64155244
76287100
66616897
75848824
76029709
76728711
74036363
74096013
66162368
75474739
76430019
74603131
64483828
74100020
76604822
65596372
64567244
76669890
76262130
67449631
76136257
65998467
77837070
76323238
76643301
76806951
66342293
74836532
67578383
76665086
76664639
64682420
66975553
66902277
77957925
74089405
65427535
77735678
64085410
65292736
74260559
77741737
67197522
76334748
75860490
64292483
66549834
76506639
65183157
66083635
76341294
77484848
65950707
77515145
74728140
76960856
76441938
75540872
66426970
64494591
67201423
77239458
76401200
66462924
64459091
77278303
75386433
77520505
65866021
66991553
76580071
76700112
77888881
76881414
64019470
75671250
64461144
76694958
76580770
66706676
75676040
76484896
75421030
76741621
74538374
64753095
77812324
75367203
76607561
74932026
76351123
76074647
74071956
76649854
74838799
76074710
76254984
64354140
76599339
74810465
74269972
64739510
76828999
76601082
76645676
77931169
76418792
65044148
74254343
76843467
76663818
76703665
77000076
66183047
76377086
76157391
76589698
64522519
64452099
65875454
77458159
76261826
76623147
76550114
74993333
75922414
65850270
77127908
66838379
74742990
67160443
64226880
74151615
77426712
65143251
76074768
66133821
64932930
67162087
76693069
67054940
76445333
76604271
75775739
64040061
64387892
64816662
64976428
76329411
74979052
66785543
74417534
65011529
64464654
76837604
76602087
64743908
75540535
76659396
76602847
76484326
76765730
66773509
76637910
64885095
76595843
66464617
66915625
76565353
77093838
67045693
76743506
66555608
66315204
74630088
76001677
66793610
76038006
77429077
76765961
74758980
64430101
76760244
76852974
66963065
75243031
74088080
75240350
67245088
75144865
76688563
76084253
67170727
76310808
76646662
75111133
75209020
76963424
74674690
75208820
76511307
65366695
75973264
65078300
66498582
65718130
76653511
65932814
76427641
76433972
66211715
64019174
65142392
76004838
74050893
74159427
75971612
76641924
66295886
67400930
66630226
66168588
74216104
77160063
66933838
76306794
75932651
75043211
64202013
76462839
65953950
66559644
66559708
65814949
76921727
66239616
66874122
74383892
66546595
77696599
66987980
76825353
67106885
75365169
76689441
66677474
64208609
74758931
64235497
66888888
66296640
76602391
66790379
76641980
76392338
76528904
66481341
76550556
64147474
64774604
66003553
76512822
76387664
75483673
64001919
66895230
74019679
76521212
76640120
64733687
74005329
76551208
66428033
64497935
64598138
74705436
75112566
67212981
67433292
76647931
65204993
77352648
76621243
65414141
76708909
77291677
76087158
76762076
76610413
76626520
76514363
64661871
66555730
67325531
64778844
76653791
64995623
77495454
74050097
76828788
66464601
76537206
64004646
76901656
77660520
64248989
77041515
76041681
74906043
67412127
76670330
74384006
64873997
74702107
75125133
74942220
64604411
67372254
74355440
76528771
76722083
76597925
76203176
76603030
65191400
76788933
76359239
75608888
75060099
77666265
76748297
76495712
75394636
65255079
65704287
76434989
65555554
76717170
76611904
65609085
66986666
76585395
76674721
67325283
75628812
74484892
64649686
77434308
74413791
64127861
74527652
76442408
65215639
65691652
76559655
76626458
76611891
74723434
76667177
75578777
67003047
76340603
74005863
67126424
76579520
76646550
74417356
66616896
75187517
76670697
65222881
67408127
64233898
76638643
64184103
75108417
74515885
66381011
64663387
74624128
64707070
64791029
75052818
76719999
76334440
66683332
66560419
76108810
75170325
77234996
64722229
75691769
76659159
74777171
76847145
76409031
66209792
76440088
77022402
76153701
77995729
74303043
66353557
64367557
76201139
65672588
66666160
74633189
76548792
75219981
77097700
74500000
76400049
65099509
74770473
64289533
75790409
66558314
64085393
64868639
65327878
66195692
66045920
65421718
74788281
76342223
76095093
76372356
74483888
76567629
76008737
76901828
65366665
74061778
66113905
67246132
75388485
77373727
74402000
65244428
76727203
66591759
65233827
74870414
77070129
75126309
76010004
64389542
76501232
67256767
74842573
74349767
65688240
66544969
76987175
76208434
76272127
76245617
67290340
76509080
77371818
66135123
75324858
76520820
64142761
75461100
65632424
65162404
76206030
64658740
65860765
64543357
67165451
65178354
75661299
77953256
77256306
77251841
77898282
65181888
64425252
75831200
67127150
66315292
74154982
76374858
76675763
76680656
76572459
74551767
76514284
76788192
74899202
65782807
64538793
74821870
77994827
75051313
76823432
67231549
74995977
66462961
67464996
66772269
74381445
76630950
76178616
74070061
77966936
67275324
64932222
65663477
67361024
66330930
66620090
74911010
74150443
66728446
76862338
67355027
76017635
75656811
66728318
66335441
76638690
66932704
66359544
64110019
65954397
66458686
64642110
65004228
65255755
67439000
76983626
66941652
65405261
66259127
67325357
77291666
76511661
67596494
76620783
65809563
64118181
66612163
76414965
66012480
76556081
77310101
75358686
77577853
76192525
76464647
76942973
75497825
75009230
75790507
65482070
74750027
64424567
77132573
65723612
67330669
76236682
65890617
77815749
67454558
76288727
64166627
75189661
76259819
66435388
76769442
76446723
74323628
76498056
66816881
66980387
66193333
65302701
76588944
76416527
74330895
76588035
64667925
77820599
66728856
66526047
66551588
76864881
67208366
65147121
74921977
66850785
66976807
76083681
64586875
67432108
66711824
76122116
67484040
65228990
66391239
74381111
77522428
67479036
64783064
64517387
66930909
77431111
67408898
77371778
74514358
76751468
67005006
74003639
74003673
74693808
75237070
76080973
77763033
65117093
76470950
66572051
76207003
76057956
75656194
76667499
74969570
77578685
75115963
76270943
76172803
76775161
65639797
74878720
76045441
67093453
64681466
76364629
74200093
76107482
76610146
64419233
76505278
76096251
75535242
67221511
66754497
76262062
76085439
66702553
76392569
77987425
76601869
76907074
75223286
76819261
76614264
76471599
76498325
74237483
77361919
65358515
66546396
76592013
74447382
76046747
64121412
76066678
67424987
74391536
76419487
65323148
64214646
75919088
77154162
76059158
76766969
76210042
76117500
65288624
67001212
76943325
64329356
75733146
65455160
65079567
66616904
74045353
74862400
66693055
76767295
67171712
66676434
74598585
74319292
67095223
77453528
75570065
65414586
66134904
74417171
65487829
76910755
75562604
76652295
67566295
65034232
77849320
76005741
75335363
67548282
77652128
66813563
77198093
76421565
66294920
77377516
76091815
66125571
65100142
66041634
65141123
76607624
77625165
75262839
65284007
65736631
74655028
77220682
67235440
76625614
67330965
74926901
74720139
64947902
74255682
76606068
74332441
65080309
76674604
75096380
76028515
66110549
74307028
64836013
77874057
65152292
75859235
65130872
77265959
64785387
74241271
77278143
77400552
65871828
66041361
74569211
65855140
66384595
67258850
75228439
66326658
66946824
67164341
66292249
74345238
65602262
76909167
74498881
76108485
66060607
66800224
76650232
77902640
76031328
76902614
65127474
77474736
76369292
67419085
74627150
67340516
65675312
76903934
76697409
67049657
64580259
65792223
74065555
76625907
74061035
64051052
64208374
66721111
75455050
74321074
74668324
66867258
75743948
66481765
75443553
64930101
76609474
77600049
74306797
76286754
76007888
64127728
66788700
76850757
76395711
76039317
64140270
74453249
75864137
75558658
66556430
66558556
76459887
66376337
66564444
77913030
74882222
77519460
65428619
76100041
74616448
74990312
64558693
74387949
75181816
76372424
64842629
76114440
76968267
76658448
76540464
76596326
74613904
74767490
66051053
76437537
77342888
66766932
76054829
76677483
76805092
75560401
76503556
66606791
76635748
74341480
66775213
65457373
76406001
67325537
76131106
66818917
64372732
65959485
76600414
75615508
75013540
65651059
74677189
76798022
65675605
67423959
76800032
65958414
67313052
74163423
76141489
76071898
67045690
74319165
66988082
77993702
75821203
74621526
66771377
76470706
74257481
67025461
76403500
76620000
75652474
76506577
75388538
66475223
76692181
75637478
66174764
64021818
76607395
76183537
64722387
75047863
76237658
76519095
74311182
74610680
75429071
67204752
76637938
64491272
65826119
64596211
66257523
64463543
76663333
76533600
64247695
64795001
76631090
75774704
67160075
76009500
74510705
76023830
74254141
76094858
64509680
77772302
66732307
76747844
77318072
76820601
76611885
75393478
64505555
74260100
74418611
74758585
64784089
64168515
75540450
65103966
76389923
65320620
76884400
76430478
64658186
75017878
76408689
74798777
76075477
64815599
76473577
76602363
76602402
64358812
76571138
77305147
74065349
76633869
66703911
64506060
64869645
64943021
74575274
64796725
66556766
76918091
76667575
76433071
76095171
66144258
74131336
75847905
64286171
64852689
64291472
65000040
76620028
75786362
76666020
66683553
75805022
67221328
76572020
76443544
64084422
65337118
76829382
75293695
64987564
74504496
76639306
76683219
76008700
64732864
64404381
76554657
77766559
66525480
76579393
65166805
64764448
64665558
76018575
75438095
76666207
64724110
76620332
66078141
66215757
76111095
75212100
74368142
65420671
74534275
75943028
76502390
76609058
66552525
76636685
67596256
77107671
76878739
76428862
76237596
75476604
65539763
75399302
75547274
64684504
75609921
65565118
75412237
74333979
65586983
75533038
76005875
77756330
66953018
77229833
75486634
75123139
76380868
64916689
74114610
76213425
74479009
65957926
64666687
65587355
76828766
64442681
74555950
65009630
75222462
74747472
77749104
66291902
74602420
66731132
76549550
66199887
67079386
75644657
76675413
76902606
76208987
76033875
75522121
74853842
76092003
64624854
76930312
67346301
76678300
76114414
65634444
75232505
75224151
76541921
77792324
66692097
65225301
64297993
76727043
75265212
65400606
76689290
75578746
66379057
76383757
66554535
74543257
76121098
76661897
66552471
75322348
67222092
75218315
76979047
66560690
76769819
66994254
77026758
75710443
75325631
75841217
76226830
74736272
75064296
64209423
65068227
66903838
74755080
75115001
76603073
76815206
76596666
75912467
76097824
76181937
76247852
76083283
66650070
76395813
66950240
67205826
75214750
76731951
76436963
76303440
75207803
67507099
76647980
74608348
76379065
76208145
66048876
76417217
65424930
74516004
66210611
76345588
75285628
76208000
76956365
64067298
76562890
76631240
76619885
75196605
66997345
75833554
76901904
64907970
66669358
74777927
65204476
76296130
65064369
76837663
66335362
76577502
76706045
75931144
65585815
76511473
64432121
76574444
64647132
76631064
76665554
76902629
76632630
66066352
65214576
65275251
77077433
65525981
77045454
77366969
65347290
76530433
76000760
66262696
75619637
76024272
64508991
74931594
74151674
76662383
65584399
74207353
65473185
76056050
76256464
74104041
65654526
65320738
76609600
74801361
76765076
76757476
66070852
76677039
76304028
65512979
75636742
66377777
75005344
65667428
76993697
76668131
76822106
64772512
74116562
76469393
75528190
75998350
75117020
75335365
65836767
64683268
64175354
75217529
76699045
64083462
76125589
76042460
65304985
76095936
76832211
65929359
74348930
77540286
65000093
77756767
76001384
74690299
65690800
74720780
64837705
76506951
65725218
66416916
74279899
76313166
75559828
76617618
64347420
75458457
76809512
75954838
76392372
76575698
75973636
64636801
65803484
65423487
76551519
64902247
76637268
67539351
64713232
75559554
75459143
76650561
76183339
75870288
74620342
75493261
76070777
76787916
77356893
74648534
76306277
66555165
65815050
65282727
76666395
67100000
76614966
76361152
77946690
75956372
74144712
74387576
65228483
76672277
76232566
76833781
75549356
74021534
75022700
76338485
76978161
77496959
76866877
64846880
64111125
65197662
66097742
74862828
76787764
66025424
66029595
74125788
76711058
76235454
75020240
65815740
74978631
74878667
77808880
74710364
65004468
76122389
74374847
66547318
66402486
65110881
66548949
66549370
66556547
75075404
74355610
64301320
76646372
66051872
75659285
76024037
77292389
75943388
65775227
64534064
75315452
75728287
67223689
65474719
64461670
76413123
66315222
76136285
64473434
76902821
75592995
76442410
76876184
76526581
77662978
76119643
74842054
65952793
66554813
67524555
67477778
67325426
66557168
76503124
65614248
74177507
76686743
64000740
76555080
74333377
74052937
75993209
67166376
66014694
75246610
74505244
66227171
66951464
75547740
76571409
75444478
74954242
66674734
74010302
65650421
76594135
76200546
76846261
66558982
75647802
74269291
76634063
76836425
75109479
76672091
75092894
75393865
76462561
75306107
76671736
64685666
76066349
75465675
75760898
75657796
67571059
76989862
66991595
76370638
74180518
67000088
66454466
66055384
76527182
77462419
76635430
66909020
76367533
74008428
74215490
66498888
75893809
76710105
66198217
75823841
75848094
75745127
64801508
76206933
75112944
76868888
66885429
64303520
64933965
66144993
75230951
76338268
67003676
66945841
66616900
67287431
77881825
76626039
74071422
64969595
66344554
65807369
65609393
65837182
64370145
76269067
64792482
66550350
76737273
66066650
76601817
67221931
65556318
64155898
76689259
76614230
76489999
67112275
76624646
65850681
76383838
76077981
66368522
76845484
76113321
76423646
76300709
75400999
76878700
65137807
76610199
64807430
67360969
76515133
74181818
74708808
64158065
67276712
76254471
76973232
64191825
75898917
65953946
66773350
66020707
65807979
74296398
77273914
76641921
67325304
76589140
77262730
65203100
76880909
64752906
76559994
65027420
76675158
76916119
76555561
76035300
75272637
64119645
76540844
64236700
67306525
75626965
77121112
76258782
76893030
76740494
76033075
64146972
76311748
76510035
76060830
74627600
75548401
76335733
66212020
76625821
75586296
76675252
76590528
64643379
64028787
64816508
65070965
77994441
77170202
64772719
67422890
76922836
76025305
74381414
76168888
74203725
76611276
74652200
65058240
76765549
67424459
76605117
64508888
75865079
66973347
76608215
67110847
66556542
66554649
66543250
64598745
66558647
76646588
76874919
74620540
75481682
76477673
75385595
76204520
76437620
77999108
76010078
64181486
76864093
76230014
76038329
65406446
65923948
75078751
76682324
65264499
64658569
76383864
65100055
76224111
76359196
64013221
66556534
76593530
76068422
76579412
76404266
67077017
76618626
65130505
76607238
75808089
77057929
66077763
64709123
76349529
74921252
76995454
67325432
76576500
76189441
65464224
66019696
66209353
76157729
74116449
65159273
76893149
64534645
74454546
64232301
75172378
76557392
77706893
67343505
77519191
75847199
66147877
65144907
76269310
76572755
76284081
67256517
76350019
76554772
76655555
77683901
76742502
77872435
64294556
65138183
64366666
65586240
65388669
74175836
74792506
77426718
64348250
75183190
77780707
64904510
75270047
76111641
75800780
74112055
77335050
76422178
75980449
74477319
76644251
65470649
66264838
66167473
77616270
64169628
65039751
75323132
65621017
75696756
76121766
75740306
65018665
75113868
74106750
75446980
76204249
65757257
64795430
67272778
77788787
64667377
76605895
76964122
66647592
64442221
75598556
76627366
74071097
74071691
77460554
74592163
66555558
67339205
66827474
74851221
66644064
65402050
65906687
64971463
75898889
66820764
75496143
65787287
76609673
76826504
64666186
67325294
76163797
76030241
76091393
76167563
65063490
74467373
64720881
66690150
76579278
74022555
64535353
66074811
66628827
76261248
76652471
64036994
65881617
64021419
76509085
65364399
65970812
66562870
65207767
76577595
74239170
75853737
74506886
65424555
77813333
76187119
75202929
65999071
66090833
76246666
75405040
75160112
76112444
65469653
76980729
67445050
65672110
76602883
75235297
77291057
76688951
64660916
66346888
76600151
75104187
76165622
64817424
74612861
64635221
76045210
74949444
76825069
67176405
76666889
74440505
76634108
76000083
65950763
76523677
65964982
74431111
76846298
66685596
76690080
76221619
76515239
76585322
76542281
76742592
66344161
76689291
74764186
64073813
64977899
76615822
77020221
66091790
74710510
76618475
76638343
77265757
65052086
76919737
77020795
76429807
74620506
66008300
76125656
76637444
76648277
76644301
64786465
65861515
67500630
64940572
77274900
65829898
76672465
66548041
76067620
66766191
76200086
77425495
74965305
66688989
66364556
75850909
65055565
75658669
76947698
76203762
76693322
76670017
77299386
77963636
64517714
76485067
67225485
77441444
76738462
77371205
66155260
75767778
66067209
74846725
76033307
77550580
64313022
74053920
65949322
74614541
64055982
76726727
76442121
64509665
76381744
76621443
74862830
77011956
74272924
75670566
76262616
76272721
77572587
76268876
65954386
76609556
77090935
64272592
67105910
64459204
76338663
65346236
75709086
75111222
66566862
75159819
76620625
76486600
74412367
66739141
64494444
67568667
66191079
76205474
74707373
76600699
76919609
74276283
64817167
77330262
64292750
66943526
74986136
64988815
64627264
77173989
77539705
67225512
75419658
77455512
66543080
75009235
74400806
75479137
76632828
74450776
74620263
65292617
76867804
75760051
76533337
77007171
64285805
75822509
64462174
76956341
74125836
65256409
66548674
66892260
66331065
77496229
64458550
66587060
76214141
76976009
65391814
76675374
76527373
74051971
66856000
77292864
64430026
77363837
74022901
67066166
74144141
65199999
75284282
76675595
75131237
66615018
76267685
66549282
76761524
76023589
76606363
66896587
77469091
74760404
74880442
74296214
77815990
77262398
66415050
74250153
64141750
77945911
74344706
76482644
75589639
74543286
77898988
76362223
65000086
64236089
64236111
74794994
64786043
76821010
65763572
75715353
77777746
76035008
65656581
75162220
76331414
77693939
76626603
74614518
75270705
65183300
74400103
65835777
76448627
65957385
75787942
75056853
76362036
65096065
65351515
75828356
65320001
76065158
65093078
76340322
75289595
76486283
76489063
76688282
76619118
66786561
76338222
76867972
76627500
65281866
67383292
75531163
64004040
64891355
74268185
64533135
66673864
76844614
66666151
65454747
66558106
76665847
76445374
76808482
67003725
76613224
66386438
64587263
67060690
76067951
75798569
74434005
74434090
74420892
64732526
76482316
66485962
67520806
75799180
66976685
66272725
76522022
76634632
76319912
76205845
76797766
64458798
77850527
65957034
64244044
76233480
76250450
64545208
64843636
75869615
74212511
76018658
76661138
75985837
66770477
66207198
77459936
66279191
74458549
66300324
65916312
67125252
66392222
74926351
75300007
67341062
74202525
64182323
74420000
76381922
65618996
76852716
77356575
77835733
75461513
67188057
74282399
64668608
76549884
76603343
64711212
76592010
76316246
66552229
76040432
76252423
76075904
75217724
76726424
76860955
64460429
77750500
67546666
74708311
76621322
65573735
76699236
76206464
76186581
76983343
64462075
74239900
77550402
76090893
64658290
74039978
75562322
67409369
76177859
76599455
75403405
76526073
74651686
67409417
66434396
76977280
76432200
76764262
76609580
66777474
76984984
74005889
64805842
76679275
74516134
66505050
76692624
76147005
66810059
75896325
76129413
66028761
66335355
67024655
75149631
67256338
67491965
66401163
74417541
75970505
76635990
76030343
66843366
75929707
75839537
76197644
75173399
76363554
76572584
64237502
76560290
75558383
76106029
77030203
66344878
64736868
77664566
77232637
66220000
76483325
74188007
75181905
76037709
64955400
74237651
76574461
64999525
74086915
66247899
66315527
74565648
76348799
65384891
76467251
67075050
76641204
77513375
66818178
74542630
75728100
64524210
65074419
75688215
75856868
75430439
76644284
75242428
76988863
77276953
65329376
76659070
77108420
65358221
76202225
74734208
64597822
67202054
75233187
77270532
76016263
74527246
74048706
74121298
77779250
64586552
76353386
66419191
77156990
66427030
66874107
76060561
74840493
75887846
76545896
75965862
76509023
65146889
75586624
76596262
77714835
75050527
76160008
76589553
64463163
66558156
74812986
66379973
77245316
65989889
66552054
66544693
77166013
76586308
65652023
64730493
76165050
74495795
77777790
76841609
76352817
66632879
76666914
64179632
76570912
64111013
74077871
75910028
76510172
66655689
65613131
76983131
65146513
65294560
76524870
66032720
76683026
64912403
76623360
76603150
66908892
76723706
77313137
76841584
76635401
76252804
74042683
76932023
66635223
75006707
65049067
74511401
76613687
74712247
67280606
74710072
67015466
77059292
76539634
74005546
74484848
76528515
77068581
64005114
65999083
67173693
76806255
74444567
77606039
76435994
76634542
76397139
66505532
64666040
76623344
76473207
76001023
76693286
64557171
76437321
76443814
75463865
76851436
75387155
77208001
74529719
75140865
75511788
64644495
77777582
76604296
64373743
77572764
76503275
64690885
76361691
74409264
76777570
76271207
64225247
76403577
77309930
75502500
76631793
64080864
76767437
67325424
65915226
64532423
64064345
77861713
77228281
74040599
75329759
75324162
74500287
64231153
74668797
74500191
76471184
76243722
66959542
75153773
76502249
76861177
65635306
77215052
76325099
76906259
75822223
76643802
67225252
76441959
74875559
65578397
75921371
75961962
66253407
76790002
67588214
76200707
75252908
76081808
76978329
75213138
65757664
66060967
76338748
76655524
76646800
76104406
75706494
67527452
65399318
74678964
76455202
64971772
74910968
76579277
75795936
77307460
66927103
76652911
67340869
75036779
64808282
77064970
77652033
75799009
64248228
76811107
76801414
77702267
76650344
76438294
66252593
67203434
66651985
76249101
77138075
76075888
66573511
64819312
64839197
65180837
76609491
64482259
76885617
75515010
67525513
76349202
65292166
76351000
76684544
76063536
65402611
64819450
76876741
74153355
76029400
76938996
76035148
64858368
76600226
75228891
77959293
76732972
77600108
76186518
74950698
65656568
75447979
65800689
76777771
76825900
76688888
66806249
66980765
77132414
76287581
75123059
66666183
75873722
66889117
64073745
67319007
77990558
67265805
66728445
64035656
75994619
76802454
77378586
74234519
74064242
66893475
66850091
75892059
66254746
64736654
74524209
74311111
76428302
76362938
74803254
74017864
74560105
66698476
65392309
77850009
66035273
66788224
64554344
66317145
76065661
65372212
76075015
76241618
76625667
76611474
76760001
65239098
64172374
75070644
76986488
77609785
77081455
77050553
76618140
64793693
76305645
74322240
64815309
75796762
64813075
76732524
64444546
65144038
76636342
65049035
66027644
76757539
66284833
76760093
75878159
77786969
74907488
66200356
77710052
74403484
77839376
67366978
64030832
67590299
66591111
74426879
67343027
77712344
66829244
75916441
67242129
76480054
76664264
76514444
76059268
76734425
66954997
66681614
66443296
76592342
76633380
66710863
67268751
74784302
75236910
76535474
76573770
66610687
74301188
76525425
76309002
65952458
76504550
75686175
64646429
76686885
64298696
76546000
77725525
66386344
66546254
76170800
67280227
75045547
75040404
76657591
66538747
64754473
76585463
75567908
65784040
64580658
75790093
64644423
64319010
76101018
75837882
74251950
74040420
77411313
74706625
76303260
77877937
76313850
76207260
76484818
74734911
76606154
76497787
67492058
75690606
76623562
65655137
64446248
64464969
66641351
76596145
77076342
65750475
64357575
75040511
64613957
76347432
64657847
76452673
64085456
76208800
76088847
76603775
65866315
75115422
76326113
66166395
64457030
76826312
76096683
76493900
65055030
66398218
65536333
64307293
75179797
76673036
76606415
76448981
76730615
75581196
75103103
76310017
76668822
77301824
75253161
75187212
76785260
75263148
76344693
67108110
77447080
64368888
76029777
74208647
76696069
76620427
66861581
74005960
67239445
77191971
65114417
76024664
77918588
77770713
65806576
76626282
76609828
65880718
77322121
76908555
75860299
66660720
75925424
66471479
67381970
65695103
66759085
76907205
67319332
77198676
77537342
64292244
76017153
65048044
67325296
77932214
65434365
74037496
75727857
76300020
66068284
74313356
74206224
64740430
76647774
76217710
76664299
77041717
76661111
65723936
75335774
76737318
66141808
65879745
76671667
75908567
65985773
76682564
76603168
76405861
76676509
76645454
75485097
77150879
65858141
75492229
76227227
75078655
76792727
76806675
65389541
75348957
77892628
65205845
74225962
74613840
77306472
76181561
65847119
65646382
66277070
67540416
74142434
66437231
65984445
74026215
74728326
64161870
74581909
76208820
66468348
76321591
67556052
64541091
66693232
76416372
66474384
65284040
67161705
67458682
76516353
76608889
64648442
76083370
64208373
66351115
65079138
76181847
76631680
74019186
76621277
65279272
65109275
67291511
76680908
76760652
76823331
76659880
75980176
67507772
66550209
66543005
74507667
74048807
76604233
77090974
74164799
66612311
75536363
76442944
75223444
74809489
75387575
76808400
74530303
66575793
66968372
74263368
74027072
64914091
67325267
75665050
64644517
67553333
74165041
76835819
76148860
76203392
76191058
76308030
76587740
75940330
77898686
76601531
76579449
65395550
75787474
65901947
76534207
76576688
76787864
76754310
64630474
76885084
76978748
76869797
76620580
76875740
76051433
65374222
74141014
67527287
64062626
64472152
77066984
67175886
64402018
64475432
75449911
77565518
76027050
76211408
77839091
76855872
65679715
75271320
74297169
76415664
66356641
75803332
66241713
66186666
77129888
64020808
76393599
65950187
76308407
65625631
64449430
76523587
76610490
76024367
76101850
64674236
77021477
76685751
75573838
76206098
65575703
64668623
76887684
76615096
67323974
76000404
64757711
64687742
76631143
66502615
74215897
76725377
76675637
67475561
77802556
76721253
76756858
67101215
74246299
77304295
74089786
64373644
65051111
74298283
77656565
74484950
77809255
76201323
64762910
75177921
66090007
76315176
76631465
65116160
76585398
64459646
76855727
65046865
76958282
76922577
75429576
67307293
65489483
75810200
64998271
75790444
76600343
64273970
76498027
74327079
74588032
67070505
74365011
76603040
65271002
64437575
67207453
76451709
66559574
64459313
64464890
76602525
74602720
76577551
76622224
74245284
74971409
76382261
77299312
76648610
65460655
65191691
76603757
76269759
76115366
76530927
65548720
75807709
76902233
76926169
76538734
77428417
76604521
74132323
64714699
74666964
65348515
76028956
76100545
74355556
76067823
75768986
64647997
65760994
76599449
76256411
76617266
76222647
65093542
76922570
77138440
65982060
66091010
66173421
76608573
64359993
65899272
77895498
64932964
75258137
64162400
76608025
76602094
76646537
65954558
77697153
66955577
66528219
66643272
65856768
74178596
74966948
64037888
67188874
65375119
76234532
76944477
66689250
65217663
75333662
75898400
75451625
74126170
76603762
65736604
76842826
76609206
64530000
76161124
76191082
66341955
77591353
76400740
74041935
74140672
76614220
76619978
65605022
76699661
76513787
76144094
75857006
77725347
74741438
77005084
75331957
67047612
76357937
77299957
76318464
65645252
77810505
64605728
76089210
74643230
76626214
64988279
76300963
75924298
66616898
64114848
76984463
77433379
65001684
67102470
75474723
76163333
66983569
76158710
74297128
76063347
74283995
74506277
76228731
74770243
76251075
65643535
64446060
75601411
76461047
75272168
66082851
76456620
74897949
74217521
66283855
76013378
76892277
77404945
76489950
66568888
75160532
76623502
66238066
67139126
75679083
75515787
76519873
76673232
76784483
76446000
76645430
76848971
76664510
76606070
66440808
65866433
74600905
67419771
74073935
76813143
75793394
64689628
66917859
64180400
76890015
76252325
66944818
65639715
76489673
76413705
77286421
64236897
76521418
76603878
67208594
77393931
76630781
77076560
76856883
66587064
66256111
76616139
76868323
75674399
76526565
76539004
76537788
75056691
76030437
76769121
76611483
76812425
74736926
76937114
76201095
64189299
66424243
76940700
76940859
64047982
65633354
76921717
74482063
64445250
74866812
74282854
76578552
66951723
64372100
66752211
74253636
66564686
75698291
77651844
75575335
66962061
76638519
66633333
76460964
66283981
76601842
65800432
66800007
66542994
77423242
74744247
75205535
76704808
76653045
66102050
65787385
76542731
67301508
76293041
76584979
76534334
75519533
76583460
75881210
65442759
65414279
76189066
76714822
76413959
76044150
65987648
76070010
66119090
76669382
76472747
76117388
66301449
76626218
77118588
76768530
66140647
65074290
76630707
74005852
76006266
67200201
74185154
66995188
65642180
66962650
76262568
66826304
76873718
64579575
77798052
75348166
75147501
65339696
74699909
74982086
74254848
65191181
74381744
76379392
66965403
76637138
76602452
75777636
76622121
76639212
76113404
76077721
76141312
76105541
76705306
76108327
74997949
64739673
64803639
76060074
67399645
76106060
76495005
75085555
66590540
76615911
74509213
64698478
64209466
76498811
75107797
76055670
76615910
76920801
76612739
76540362
77026626
76293993
76640903
76202087
76520334
75412519
74253817
75015550
77113584
74490926
66275757
76615076
66624556
75557657
76616903
65962807
64658182
65832695
64031165
67156577
74525461
74183910
65142703
75884441
75307792
76995656
67430039
67262711
64142323
74740258
76069084
75255024
77191620
75681890
64349255
75998706
64535898
74399974
74888418
76730142
64051630
76900301
76004113
64733242
76400646
75097005
77079671
76650025
76814684
67289590
74236225
75335362
64253500
76379073
76603026
76579041
76608189
75258054
65729930
76954007
64199741
76644415
76680440
64434374
77961631
64051463
76577095
76569375
75320222
64169585
74141301
76800357
75951514
65054840
76632839
66466395
75667057
75903690
76172662
65890618
65235789
76308133
77396626
66937962
66726201
66888846
77876959
76309320
67325303
74214343
76208159
77187592
76888938
66925655
66032645
65490234
76519250
74273344
75090940
76109710
67237957
65637539
76120179
74444400
76440733
76641888
77274851
77987162
76637520
74005907
64591784
75000226
76840069
76543737
64671212
76646937
74091988
76533434
75526895
76591223
76673938
76774735
66923603
76933159
76267892
64131236
64978609
74336579
64760197
74768040
66939235
65591092
65048829
74006365
74230075
64296161
65570173
65806283
66203787
66314158
66999310
75882855
65685454
76554928
65000233
67195460
66239966
76643048
64136000
75141548
64205573
64930202
77294641
76708953
64085577
75382859
66501023
74648808
64915891
75717060
74350687
76052774
66070742
76893956
76016402
65000022
76296787
74552349
65184921
64459510
74272717
77660944
74298597
75391404
64988478
65682125
67313369
64021212
65622518
74297617
75004080
74831818
76576501
67058797
67363637
65055258
76065635
67447113
77388210
64809599
65721197
66735238
76046674
65598389
65895128
76689139
64624343
76151949
66573196
74282848
76407217
65383831
77292465
65145636
76889217
76550979
76603606
76187879
76891099
66308132
65435000
76657191
77009160
76600596
75282693
76987389
76587986
75466815
76623478
76612463
76683173
74648893
76091276
76740808
77588001
74550940
66508787
77037118
75885818
66783068
75703475
76670206
64262424
76008504
76935088
75088130
76589915
76201176
76490041
76645574
74276524
76202137
76670630
76162068
75130346
76654450
77394141
76601136
65970528
76583505
66458777
76203004
76888553
64644840
64510101
76495851
65564969
66337922
76463868
76593666
76242455
75655334
64209025
65188404
75740163
65143201
64841413
75326826
64202901
64236039
76360477
74677070
77138667
74640993
76641377
66846042
74538231
74870030
76009118
77199837
66806325
75171500
77022690
76487335
66283386
66195802
65657061
66124351
74191219
74735539
65675998
66500006
76606388
76608652
76995117
76613010
77244168
66669359
66669360
74663946
76461888
76685657
76191236
76600052
76537956
77377249
66795150
64657664
76126000
66181914
76611311
76196424
76366792
77175491
76147648
66927341
66565876
66984238
77420099
74111363
76117405
76406690
66522728
75020460
76202100
76693093
66624971
74073802
76474053
67556700
76787440
76408346
76445020
76605829
67437001
76455353
67385174
74402313
75696139
67069355
65861323
65319726
64924564
75195779
64981414
76754489
76582943
77593715
64367497
74558899
65253981
74912054
74997828
66067204
76215912
75436159
74764906
77223316
75978927
65095550
76696737
76627694
76531828
76641286
65368286
65042033
64412833
76468888
75820008
76663412
77230737
64423790
67260100
66318749
64054254
77101652
76650259
66222302
77940252
76960808
75752248
75392907
65809976
66476262
65985982
77900779
64324285
76603596
76072346
76615837
75952592
65202868
77845049
65582092
75952946
64239059
76007071
74044624
76200982
77608282
65414158
66283378
76546564
75588484
77522859
74631644
67131325
65507098
65054498
76700626
66386986
76529007
65926456
75218282
65383592
75092501
64209159
75824310
77991686
64426834
74855858
66123290
75614250
77815682
76595375
76179149
75838305
76432632
75461773
65856304
64433927
75662929
77554786
67433156
76774532
74042171
75410075
76917642
66995001
76337648
76601366
74992370
75926736
64929393
74635290
76680102
66783290
76718527
75609923
76666410
64724545
67453147
65209360
76680019
76671919
77456300
76279797
75703086
77740277
65650880
65040404
76468484
75208101
77224813
75115795
67325306
64106667
76094450
74943170
64297673
67476107
64209094
74052669
76388255
75156503
76153064
76425424
64414679
65778261
64440048
76398707
77421111
65240351
74496943
76305592
64812338
64460254
75754511
66325208
67360614
64494721
74006031
77775201
76909083
76120605
76466488
74220185
65969697
65595368
64180783
67272810
77606058
65154065
65901713
77777607
75447070
64686080
75613104
76703936
65085060
77026262
76762097
76266566
65465398
74509111
76864776
74514561
75803509
76400179
64357676
76616277
64246520
76417649
65619388
76301858
76585629
77466283
65576251
66612276
76610696
76462643
74183826
66565663
66695022
76731876
76138319
76783977
65089659
64172711
65669460
74539149
76106339
74871768
76605065
76487133
64636368
75162911
75222228
74112213
66414566
76774342
77094646
76962289
76631364
75879051
74218540
75622538
74415718
64381855
74419337
66282820
75965324
64018740
65989707
75430648
76517368
76602104
64017813
75126375
75386574
76609300
76517459
77743996
67112180
76632688
76273292
65041550
64742885
76901242
75086322
76576851
66258819
76833884
75655008
66669346
74111742
77597342
64330133
65925947
65372958
66907722
76673434
75934833
75871717
77918425
76441048
76116274
74648732
76198850
67212344
76292181
64600585
64568350
77969791
66375594
67023470
64073288
64652323
76552959
76621141
66911287
77645872
76601611
66773320
66907777
64849280
76634012
74695141
64059989
76206319
75876238
76487748
66564638
65632145
76247723
74655717
77877302
66003050
77531553
76093078
74049393
64668684
76117720
65329590
64668233
64498244
65319213
76282812
66942838
64983636
76466003
64677467
76070780
76525781
66950876
65807522
64793428
76115981
76637689
75608676
76696616
76677587
65630181
76693929
67302702
77412784
66081902
66181456
76706964
74582626
74699615
74398403
67406393
77291124
74641541
76304115
75731720
74457777
65823096
76992879
76472090
76093205
76150937
76645207
76162611
76580596
76156340
76493939
76611431