66006501
76751934
76600752
76601455
67374156
77992135
76336232
65446690
74545974
74546232
65879777
76080447
64253299
76621746
76532597
75720399
74888453
75588059
74376286
77298252
76803030
65642712
65674913
67284205
76613364
66777777
75803932
64948787
75691422
77009158
65915018
76623991
66583454
66713904
74946060
76106869
76675907
65999796
76482654
66498942
76104498
77261181
77290241
65861039
76061488
66728626
65181970
64302099
76889999
77123695
65836579
67078938
65659190
76998598
76244645
77017888
66133390
76630000
75533267
74554140
66555126
75893100
77655120
66860579
76473057
77110039
76623996
76600002
77579197
76547796
76453136
74005998
74090707
64463602
77254246
74292196
77670671
66712206
76027530
77258379
77656232
65658022
65759797
65232085
74771616
65303636
76063701
67529349
76610914
67257599
75166641
76364532
64150877
65493745
65231229
76573058
65999704
65836303
66072884
77121096
76810044
76036666
76815856
74964995
76186015
64617307
66253902
74944809
75091203
77427890
76679293
67276236
76644696
75556696
76636737
74953023
74852343
64634966
76064780
67544320
76058849
76749127
74005233
75140185
75436709
75686845
74767702
74307283
75494151
67376608
76127574
74990141
64504040
76240627
76574537
74058346
76426368
76689423
76606984
66929246
65433131
76075715
74549095
66589569
76716539
76648642
76442990
74458860
67054444
65322972
64898929
66222079
76614586
74751965
77699542
66552507
74394705
67347551
76467422
75469308
76664918
66386159
76855892
66018287
65178888
64564771
74125758
76560099
65033303
75676845
76893616
77581845
77979706
75830903
76265556
76553221
76427463
75144916
76300222
64176768
65678496
74444001
74076473
76610982
66466859
67168081
76084291
74493887
77329829
75052046
66801005
66761960
76937474
76057258
76200136
77860202
64871956
77471706
77893277
66834453
77969460
77775469
64379371
75644934
74864141
66232376
76765904
75711868
65186312
77722691
76062472
67166733
77183352
76687057
74241010
76451836
75466445
64657835
64106945
76112990
76404755
76639272
76735245
76622305
76419139
76241010
65498900
76753926
76759752
76907908
67123275
74878640
64783045
64655682
76626993
76016493
66020205
64683021
64216547
76598539
74003385
64741520
65427722
65017791
76330558
76537327
64669384
75310514
64836350
76274139
74231443
64698454
76264530
67416155
76170900
76681671
75338787
64790439
76670480
76644407
65405506
76194191
76711294
64730149
66437884
66468240
76566606
77315455
67467146
64930610
76601287
75391310
77802464
76399079
77272736
77410004
66257991
66543896
77480214
64657285
76598917
74015892
64622440
66181237
74591684
74741729
77654965
76100828
74694408
67356171
64808027
76680236
64265065
75090091
77056348
67225028
75767680
74429012
66296380
76844563
76763077
76669640
64555603
76956129
76623656
77764017
76644173
67013650
77004441
74313090
75725969
75033375
74778928
76625525
65922013
76772404
74431997
76600034
66756619
76479697
64273866
65828614
67594875
74755945
76809208
77862090
64144626
75464633
65091806
75866554
76685724
77891037
65263234
75043653
76405304
76453418
74975005
76351316
76469117
76448811
76550580
76858141
76509803
74654992
76547605
77985345
74446858
76387124
76077236
65272799
76658816
77436310
66317954
76681298
76081432
67506428
76467413
65033422
66110475
76984259
77912645
76484865
76821632
76108822
66947989
74145151
64454033
65127021
77824904
74255353
65752700
76626051
66244369
65258797
76545451
67032437
67403619
66446232
66606092
76099098
76852407
76515014
67316122
66668283
65720476
67059797
75090917
76792118
66712362
77541199
76474564
76623152
67576274
77689193
76201207
74831639
77966050
65663048
65710050
74206888
77993357
74540911
75852251
65862916
74006401
64316161
74320777
66150280
74639636
74219733
74342020
65871426
64020045
77241835
66795312
74874646
67416501
76687365
76683037
76517747
74207575
76259975
75111650
77398414
64758777
75320036
66756510
65275404
66181506
76043506
76607027
76190615
64793963
77276854
66546290
74094755
76891810
67207034
76408089
76046225
74414033
74378926
75007677
76618157
65630593
67350000
76342271
76570330
67223225
64808183
67034280
66481968
74228882
76255775
76204048
66967676
66988888
77657039
76373611
66834128
64326929
75465201
75794294
76017744
74324114
76078781
75803840
66821923
76768972
76165739
76454119
76623110
76226526
66107295
75821535
76913737
65978060
67023665
66759404
67415656
76577348
66430175
77248580
64546767
65653305
64684319
75076220
67396484
66700933
77258127
76583981
65504567
75101360
76809786
74484140
75478044
65200606
76831489
75465353
77304986
64922642
64866123
74824144
67432914
75439565
67056182
76614600
64258490
74814590
66052243
76600481
76673848
76638101
64248843
74523448
76620448
76607452
76554197
76610150
76585825
76859418
76670702
67575959
77055456
77404226
76884588
76562733
77669014
75557105
77123933
77474718
76029187
76056257
74609844
74380070
64794964
66150933
64774631
76600139
65810276
76405547
76031713
76878780
76960606
75019002
65819595
77111123
76208220
77948577
77709498
74054164
76151271
76193312
76661142
67171500
76795932
76678215
76657003
76802812
76842321
64388466
66762248
76654689
76299040
76358438
76620394
65778152
75828070
74515159
77313909
65794485
74639374
76334402
64073780
76470584
76709705
77860394
66418989
67107722
74862588
76588422
76575002
66260839
76696555
76317737
76338450
76618855
76784273
74103157
76495610
76657136
76509072
75063889
76607366
65063430
64558455
66666811
65476619
76238320
74011217
75207709
67123533
76060549
74185890
66618230
75364447
74842909
75878570
76238897
66654450
65144580
66762115
75770505
65956762
76605369
76703610
64758358
65064135
64107943
66395837
75001635
77028187
76683124
76256143
76436296
76998708
74202219
66666966
76923108
76957502
76732920
74034557
76529457
76444848
76725385
64695836
74169090
65048373
76493849
76543092
76237525
74454141
74456989
66198702
67430400
64543380
76559643
67108720
64417793
75122013
65389272
66556403
67409250
66542441
75040974
65211619
64540302
76493222
66560501
65237710
66895058
76873503
66442800
77002594
74763419
76859813
75702232
76122121
64231269
65177465
64431486
75212116
76499922
67207497
76200016
64212219
76640663
66584258
76568474
76402327
76609898
74297671
75878245
65959558
64486999
75777653
76646169
75465159
77620242
77959595
77148713
75472953
77312177
76656204
66559702
76846484
66100971
77322844
65589558
76251212
75933729
67216106
67403757
64530925
65525498
74213867
67244380
66587918
74347996
65201631
77533333
76869393
76474009
67466107
65412130
74768905
66529946
65561566
77505503
67239699
64666642
65130257
67493645
76617274
75525016
67406891
77296400
76686996
77584253
66481976
64620450
76383323
74879308
64668554
64333001
64904928
76641099
74762736
65155944
76206274
76572511
76602204
76585891
76526615
74109393
76545605
77152092
77567039
64365050
76953503
74275567
76419832
76427731
75227751
76212382
75251095
75783216
66759470
77073639
76795553
75532874
64293187
77576488
65471800
74770000
76699253
66855370
74159171
74447680
75387188
66599149
74038080
76525665
76773971
66337956
76684067
76816319
76271970
75613451
66436442
75030003
77308644
76645920
76268834
74293535
67056539
76583764
74000422
76662413
76118364
76010115
76687423
74001873
65527615
76972909
76953518
64149447
77093728
76023891
66777477
76419468
65525310
74377160
74467961
67077705
76610657
76888569
75858987
77084464
65290099
76648743
76662188
76701010
77943027
76611200
77361137
74747997
65583726
76815919
77040878
76539250
77696262
77440112
76524442
74406400
76910296
77976022
64469638
76328903
75831212
76198285
66558388
76610192
66198774
76622983
74360077
74079376
66994889
65612751
76165620
75548094
75054778
66594600
76332323
76024630
76641475
74746161
74222324
74002000
76252246
76178576
67449393
76743590
74804137
77299151
65117411
77245393
65361087
76685558
66552776
76672677
65252323
66732444
76990996
77048929
75341075
76981266
64918557
64869419
64660968
76597266
77759043
66077611
75278714
65417114
75736803
76404068
76688028
77740296
64632224
76651424
64511243
76104976
64801018
74138055
75054644
65872484
76603602
76615366
76190691
74867356
76603897
66175454
76273250
64613927
76746898
65740090
76339381
75411525
76549057
76218844
76630518
75578717
76614545
77779651
76202321
64121867
65437713
65245181
66378995
77686299
76676784
66555023
76012118
75111270
64100867
77649711
74220079
77299860
76212151
76547994
76549470
76471815
74479146
76622577
76383869
65206532
76618862
65434571
76448861
64193838
65391954
74971408
75192075
64231160
76513030
75614676
76609890
64656552
76614025
76055956
76611389
64761890
74033160
76888866
76042341
64119593
65617777
66531140
76306731
76271881
66149999
64741022
76245498
74028289
65627256
66262614
66301085
75173364
77499898
74108972
76885258
64037338
66189134
76074108
76099183
67135038
64678196
66641192
67171773
76199949
76272049
76150105
74493540
66457688
76459372
74261248
75579944
75836161
76203211
75486797
66111853
74932040
64351013
66126594
64632553
74306018
77483118
75074172
66187620
66363333
76394899
75657670
66389014
66591774
76626043
76452268
77732783
66708703
76651836
76767500
65271213
66666422
66383279
74846464
76581668
76591581
75835902
67034947
64307979
64660319
74655219
76113873
65347878
74907294
74321717
65103265
66528450
76645522
74314215
64643489
65514422
64708651
64505747
66114498
75802702
67196730
74381428
74381827
76622471
64698980
76479970
74763657
76641143
66616527
66274157
77545949
66412918
64677777
65933192
66767681
77304686
77186562
65212693
66361420
76699760
76062902
75239403
76873003
65188888
66746880
65641052
77694262
76551622
74740044
77308184
74817424
77901490
64212912
77076501
66560582
74299383
76333333
76471554
76903169
65668778
74606896
65024213
76133809
67093411
64345676
66892913
74565607
65034786
76864869
76609707
76607563
76552650
76447492
74666606
76104907
66756665
64382848
67122830
66550575
76639889
65357674
77863458
66502759
76275189
76411255
77537444
67518415
66619026
76162220
67416273
65862727
76622901
66595946
75563153
77431212
76238559
64537601
67426966
67176167
66128683
67560004
75387914
75317383
77448997
76489123
75505028
76214050
74309066
75487474
76487648
74752744
76432213
76250987
76826184
64048104
76703360
74675929
66518833
76539261
67322542
76623684
76643142
67327671
66739939
74157354
76369654
66559302
66116786
76604410
66733397
76637491
77269618
67264450
66974146
76699387
66109213
75487081
76022313
75870149
74953566
74422293
76203693
76607698
67443207
65915314
66129881
76173388
76571106
66391742
67235784
76626681
77613151
77073971
76230662
76827788
67495972
76394040
74759575
74505054
65088022
76545835
75534747
76363669
65124135
64058037
76261010
74711335
66629606
77955125
76272687
65961510
74514250
76135949
76577091
74244425
66107949
65133246
74652990
74368691
76960505
77315151
66522313
64026609
66548929
66546296
76411231
74940078
64645871
66131570
76693844
65374952
74885881
77990907
76254045
74289999
76376666
74262828
76651157
76940101
65392233
74317355
66203859
74847777
64075007
75530830
75603263
76593140
64664104
66385818
67332525
76464594
67432411
74852734
74937635
76061750
74405047
75957900
76609988
64905120
67204947
67368223
76425281
76015686
76118031
76099530
66966363
64743539
74321962
76777274
74918391
65688323
75454636
77942716
66873287
76776387
64687931
74448195
76500704
66498542
76656083
67274589
66275570
74221101
74014987
66247888
64085414
67479494
76532029
64665964
76075587
65553977
66020809
65939535
74447051
74145307
76601426
66881500
64357813
64811622
76240574
77052838
77949635
64142157
76289828
76194491
66674113
74928054
64459853
66174425
74132418
66110906
66493300
77003677
67266827
76471808
74495730
64783593
67393313
74093362
66755080
66756768
66460172
74556465
75005317
65235324
75279197
76430183
76578937
67041210
75384601
66886258
75481348
64249184
65346524
76480937
76488489
76623431
77439734
76831812
66336481
76563337
66618715
74434675
74220730
75661632
76618915
74525892
75821265
74919044
76484848
64239439
75682728
66887096
74902802
66524508
66815823
74527666
66016161
75802608
65966363
76442996
76981493
76924355
76026777
66529695
74752424
75378525
76084339
66666578
77833467
76405337
65993361
76614975
66515051
76680046
64462008
74197783
76345967
66505455
76323350
74513844
66667146
77763154
75460203
65495839
76540190
76667052
64697759
76581195
65360769
76682634
74744053
77409393
64891313
76443704
77456477
76606336
75769084
74397777
76082323
65388838
74502125
74797391
66832424
74864608
66955462
74059009
76183925
76161925
76636803
77008343
75760505
77450200
74741103
67493250
77010458
65212901
77182076
67478749
76682572
75542121
76207446
77481766
77684626
76481921
75853174
67214286
76691631
76494733
67166561
64980135
76212695
76535314
75034918
65431874
74771236
74744999
76120012
76598135
77826688
74249967
75326675
76410053
66599707
66621409
66874238
74010012
74552802
76013867
66173327
74692092
75748783
76671043
76377818
67217832
77405555
64000187
75398888
75411524
74631616
76652521
76601488
67124468
64304603
77023856
77200403
75721245
77360973
75382775
76598818
76297155
64346186
76731973
76189608
76005173
75969845
76773322
77540721
75581721
65020948
76292727
77056411
67240578
76205394
75259478
64051414
76524325
76066260
65352641
76852351
75880724
76021177
65575556
74376236
76162606
64823814
65131915
65935672
65806763
65588181
77951759
66089222
74101011
67200631
65208960
77532681
75866740
64459291
76470744
67362088
76638696
65080808
74372021
64598757
65592430
76286651
74543105
77076607
75873736
74572940
77996030
76450460
76075279
76400776
76018759
77827570
76675275
77795922
76610286
74313674
75862676
76640807
64608535
77299074
76605485
74975959
66462830
66141378
76408314
66988446
65998991
75030279
66338781
66867990
76615949
75019780
76380072
64600622
64659799
67246455
76248069
66524592
66707871
77079920
76051120
76593171
76442048
77666660
76427020
76608552
76893007
76643300
65080801
64659630
65337474
75942542
76596338
76122371
76647019
76212396
64674043
64739421
76640453
64382836
66133677
66146172
76970240
75247101
65201513
65114146
76208404
64001414
74448230
77718444
74532315
76600969
65384144
74007781
77624217
74534880
65300172
64847051
76329228
74824186
67406787
76975197
74050253
64091947
65217056
76678675
64316637
77474776
74195458
66424932
76599130
65383483
67306474
75325397
76459150
64022727
74844504
64378204
76472303
76173455
76538429
77165353
76319929
74283347
66929226
66931785
76716000
65793082
75211011
65210501
76521616
75121850
75335829
76943139
76202036
76294013
76606770
74348472
77618485
76670707
76692121
76660867
75820451
76212777
64643789
67166064
65754343
77694452
74339977
76668196
75851672
77521052
67325532
65550851
65101000
76064284
65178234
77565151
76384000
76214216
76627618
65945277
76576283
66668860
77092282
76294066
76394008
64849476
67000027
76171126
64942502
66073166
76789875
76991172
74862402
76202207
76650387
77373555
76401111
76841726
77386197
76179567
76339726
76636353
76518143
67100369
75316079
76897812
66061613
74117239
65612740
75051828
77198770
77257320
76691040
76960768
75362150
64978125
75468013
66934623
65000186
76603692
77111414
76331564
64051507
76117620
64575939
65146607
66917959
74789878
74652022
76455808
67220612
76069798
76202027
76603541
76463223
76800005
66150388
66294545
75545700
77023153
74009128
76996331
74143838
74677377
76617534
74658647
74154337
75552230
74909016
75572234
65205252
75153377
65680382
67312222
75820808
66884510
64237106
66337659
76865040
76638837
74002685
74201538
76051996
67414501
75687758
74241430
64684717
74058663
66869521
66969213
64017321
67307451
65107970
75897531
64974444
76679032
74103271
75853686
74150733
77850400
74900848
76440614
65125398
64031157
75730763
76600042
74030638
76068840
74720492
64706359
65642805
75681753
64059377
76071002
76623587
66421600
76853232
66466531
76707417
74628734
76714901
77705656
75502577
66535870
74736749
64772222
76188045
65430328
76440879
76684669
76652495
76256603
75557878
76510415
65055673
74446628
76207335
66553266
65682055
75728465
76826666
64479700
65748647
64665471
75881414
64768383
76271588
74732027
76593422
67047940
74955555
76638423
74612281
77971407
76742672
66066936
76963446
65616093
64949468
65264697
76762805
74040454
64280809
65386710
65613873
75774531
64434339
77070208
75007620
76557265
77761928
65250430
76639873
77719370
76631865
75694759
76103042
76876360
74327078
66549423
67069765
64831841
65039498
77593308
64942058
76649432
76473468
74309744
76828850
66415366
76624038
77152375
76722642
76787809
75155240
75447337
66553556
74062147
76641974
76768428
77416666
65639625
75074238
65252405
76509382
67591111
66189608
75549074
65575757
64578588
76640410
66676628
76249788
64363240
76285777
76715400
66201059
77448409
76101843
65528782
66288824
77555808
76097643
76667477
75991212
76581345
76407249
75250744
76651919
76619099
76925303
66354951
66297131
67080399
65692727
76260281
66643555
74338032
77572060
76301676
77196903
66397715
76647988
76165207
76207629
67426254
64818639
66136442
65650132
75677840
77833131
75132589
74441729
67325533
76083005
76089156
74421717
66154698
74623636
75672823
66474733
64668946
65303095
77170377
76576464
77108115
76853812
76838880
67405722
66199938
66081111
76210072
67415858
64313164
65035478
76430042
64724666
76682240
74338798
67450220
77807979
67273758
76536430
77972597
76521092
76384545
75148423
76552228
74094632
75493235
76427442
77039018
76007527
75953247
76624999
74208546
65380507
66673980
74170045
75295240
75576451
64603762
76258092
76601282
65864212
74270206
75052625
76637329
76372166
76401203
64076464
75311392
64204949
76732733
76555377
77170018
64772244
76624525
66025757
75604922
75144878
77082621
76964141
77499143
77643458
76076448
76110094
76618600
67220550
77098383
75481466
67168550
67593931
76234647
76537195
76153434
76053059
74796211
66213232
76067428
75698256
76217363
64519094
76706522
75634733
76056305
66350864
76675074
76309762
76417769
65956264
76261819
76443697
77737773
76109139
76086180
76887087
65395138
64626262
66291944
76032234
77258422
75757560
74718184
76644562
66000218
74520111
74473378
75796715
66913059
75850410
76242330
65110350
76178415
64415952
76284142
76662639
76003658
65101485
75299516
64674293
75001312
65167799
75030340
76681273
66797977
65956114
74757931
74220009
76077978
66748650
74479738
76588404
76118669
76046830
76125890
76075305
65305766
76717881
76181881
74185498
74005880
74236494
76669933
76775262
76166224
76672750
76668384
74498026
76423169
76604188
76554684
77491235
76189990
65100017
76006463
76597520
75926154
74515131
76519640
76781418
65331515
66145041
67436110
67010112
75659912
76278195
76593433
76262637
76236349
64548711
76566769
76173421
74585912
76059758
64629686
77299667
76211770
64628476
76610474
77270947
74090999
77888594
76127472
76140818
74420606
75022431
76305700
64515050
76609782
66543521
65973965
76655301
77424648
74565987
64113218
76725871
76158520
66677911
64134817
66774838
65593333
76390120
65499595
74957287
64170788
76017001
76642448
66000070
65087432
66019949
77179656
77548451
64613434
77770025
65725561
74793324
75510663
77787050
66039064
64869658
76646704
74043446
76674706
75812295
76386866
76480505
74293412
75730513
76079673
76610801
67048549
75394040
65866762
76800134
77799968
77572099
76687119
66107923
76611773
66909090
65003046
76670878
75004483
76693230
76605959
67310542
74013100
76148618
66558389
74006572
74596166
65099153
66707591
64722901
76086199
76139795
76319058
66380379
74274739
77017400
76368265
64916181
65206900
65925135
76527907
77200091
65939324
66558370
75478628
76494844
75553233
67307977
66936435
76365662
75127809
76590115
76532945
75217203
76408156
66548642
75522960
76241227
77747469
77320296
65080816
64789199
74703838
74757962
64818972
74794654
76110096
76058089
76607486
66796009
74459956
67325431
76608838
67008080
77504433
66874354
76625725
77291991
76686558
74740400
77702311
75617571
74841805
76352943
76128711
66550213
65904526
66018453
76562553
64868638
64180531
76632090
76816542
65074646
75246920
76046373
66558438
77112323
76625301
77153505
74832131
74337575
76831783
76094370
67165600
76284403
74397440
75778902
65095085
74646369
74899024
64284426
76621656
74936350
76073143
76633111
75887714
76740910
76613197
74143434
75326994
65838298
76375518
65018560
77508800
66989727
67387281
76513468
75236534
76460555
76870888
76010429
77052020
75080323
74579259
76907671
76171876
75084061
76011723
76276705
66114921
76164155
76152408
76948457
76010788
76203015
66187276
66633623
76815075
76101833
76196777
75275490
76495841
64949364
74001616
76052199
64869199
75271911
74448777
76614594
76097909
76096240
76848585
76094806
75292960
76464727
65371147
76242400
66551389
75984713
64343209
75936409
74890396
64407971
76864348
66666182
74009656
66558033
66558628
64126530
76644534
76071447
66050551
76600811
65110467
76617268
76848506
65642986
74538734
77455753
67010101
75444476
76383732
76110017
75608290
76415943
76135658
76849439
75019300
76861012
66315937
67104470
76702272
76470909
74798954
76429988
76204233
67000100
74680084
76012706
64294148
75215757
76568291
74221306
76832727
76624104
74246801
76171819
65171010
64391919
76278392
65711408
75320232
75051104
65306146
75351873
76843999
67354678
76361005
76914500
76251324
76695860
75514154
64742767
76110339
76939799
76643537
75346040
75414339
66498248
75229257
76494951
75532539
76515282
76637600
74035218
74382590
66648653
76425696
76296461
66656460
76959571
77272728
76316952
65269502
64442959
76328348
66020908
77741010
65039305
75708936
76475727
76468635
64987618
74634093
64311833
65140398
66548279
76486714
75818177
74587432
75430612
74502812
75005876
75278595
76632635
65389422
75103888
76475845
76635403
77559967
67557407
76609153
66737186
76014511
76639387
76682216
65398987
77195404
76617474
76591953
76989900
76445348
76411820
67383939
76679815
76580435
65820797
66484444
74554096
76615812
76267323
64660744
66544934
76668077
76042313
64452275
75396539
74901774
75668005
66139209
76999076
76662828
66053539
75475282
64299408
64302727
75624812
76322990
76585935
65952887
74651075
64695353
64618290
76606064
76614142
75639978
66263774
76407742
66810726
76433526
76460329
76493993
75800356
76180994
76554365
77616947
76015060
76693876
76687101
74119195
76761897
76666535
65951960
74077191
76890651
76296496
76660024
77613198
64196162
74198494
76200134
75037038
76415847
64077546
75692980
76741752
65507021
76580354
64955107
64201440
74904747
66818788
75686822
66976667
65521144
77424242
76094474
77023463
75407850
76465838
64130213
76636807
64055558
75522810
76480338
67053737
76023736
76444444
76438639
76812403
76050787
76516202
75926259
64673069
76436443
76847050
67587740
77463869
74081107
76589331
75162035
75736427
76315777
75257774
75439382
75308787
76075197
64744000
64669182
76435354
76478168
76301785
76876674
76646209
76612120
75204949
76117535
74052857
66309772
76581000
76602954
67024385
76562612
74233535
76205626
74111620
67534537
64925565
65568425
74285581
75674291
64492873
65413838
76050504
76363431
64943877
76666501
74376587
76662864
64740599
76423090
75871286
74916276
64280275
76643296
65787686
67406897
76200351
76621187
67223296
77212143
76078859
76092610
76607154
74431202
76676285
76422199
64998553
76115123
76492180
64603646
76878232
65063433
76192928
75052226
76186464
74173676
75262690
76626037
74183381
74663820
76581114
77089245
76312764
76610751
76807205
75575075
76641537
76522738
74476484
75167778
76680819
75988442
75685038
76639300
64212200
76643150
76591771
76662348
75877090
76623118
75069032
76694295
76617047
74530102
66130626
75092423
77785270
77470055
76371668
76387106
66283383
76461734
76694442
76071842
65100372
66992005
76205453
64320899
74436666
75493894
76943607
66640430
64321302
66619910
74875025
64742822
65161172
66690078
77941797
64949594
65161626
76619152
74732040
76640148
65074893
64921485
66253445
75508101
64067747
77538658
76764604
76596147
65322323
67504244
65372490
76132228
65919763
67189242
74851414
67389003
67535420
74154790
77054997
76297649
66176531
74494519
76781033
74484747
76715628
76633103
75589827
75593328
67104872
76226787
65383112
76346107
76615917
75813030
66218877
74537274
76193823
76600576
74236066
76425141
76666022
76919576
76426143
75296852
76677365
75212915
76073216
74251172
76641243
74281628
67050970
76521931
76888521
77674087
75964913
65326125
76697488
66886817
75988383
76840548
65007368
76428096
74859858
64166828
66152207
64637957
75595534
77077517
66043359
77335345
75836771
76154821
65659113
77874586
77733825
75754475
76612471
74711712
75167722
65804888
76206932
64941818
66960821
64254472
66896840
75587436
75347714
74446619
76602702
75905393
76398000
76338038
66126631
77067006
77046135
74747400
67165194
67408142
64449861
76410580
77778069
66041111
64677978
74470104
77267646
76812072
67160250
76364152
74873641
76214838
76584105
75012610
77568686
76116161
64126051
64947959
74337633
74355454
76760777
76018623
74441998
65997576
75358143
77543476
76672938
74967275
75873048
67402318
76547677
77021186
64657785
76705225
64486503
75750950
76563551
76422998
76666923
76546611
75889628
65801204
76607385
77302926
67537708
67023203
77268978
76082837
75297934
75988048
76609731
77175116
65062689
67474500
74375013
64490350
76340913
76367818
74307777
74317234
65300016
76755315
74389098
74218787
65728414
76308307
76534131
76121448
67504050
76257562
74984781
75243322
74934674
67511360
76147230
76495138
64667170
66126666
66399493
74434471
76615914
76213181
76087932
75124350
76650134
77964369
76041096
76312301
66650636
76048007
67525520
77661034
74741125
74860512
64122057
74802649
76932113
66958762
76437404
67548010
76663387
64162514
75491649
76645169
76039743
74462727
67289630
66871947
76643965
76094247
77242007
76236464
76912151
66833806
74520043
65044703
76900602
76641995
66952621
76657585
77150828
75218000
75289221
74016852
66236666
76683535
74687166
75912080
76204576
64602777
76773740
77850479
76627972
76241468
76394338
67383228
64133250
75724949
75406651
76493959
76218521
75197494
74670997
75445886
76218987
77117095
75971862
74240410
76758259
75802323
76868123
76538125
76572463
66116139
76389573
76606721
76217010
76752122
77161537
76212238
67377070
76665059
76424883
76911621
66221660
77822962
75203041
74426287
76751891
65255665
77712487
75373037
76054806
76410929
64093266
64101327
76493380
66399147
76275309
65681472
76523725
75155448
76952829
76975960
76550092
64541046
66333374
67003364
74136094
67560201
66560240
76096868
74862479
65092020
64243582
66551332
66554248
76063943
66547480
66549138
76839967
76672696
76718686
76251481
77774264
76341869
66549655
76120971
76880724
75402677
76245484
75136800
65733500
64631943
66559185
76473923
76244081
65638701
76844480
76864865
66664388
65640956
76330228
74120402
65250143
67174419
76415530
66555163
76515080
76283961
67015933
67393311
76468121
65260428
74706238
76459463
76140773
74241731
76253356
76577006
67446283
66114231
76433453
76617501
75698773
76506105
77573798
75372710
76571492
67388786
76720655
76652343
76476220
74147077
76605918
76009489
76696926
65178317
76261833
74555230
76998777
64249999
76418865
65137006
67365510
76486990
75514649
67016437
65913311
64582742
76608669
75125195
76699191
75648463
75438822
75624109
67587551
64727711
75480041
74106225
67222116
76118909
77232126
64913990
77946638
64071010
67431799
76014747
76644272
77461797
74596697
76408993
75395323
76396598
65960566
67198681
76280874
75257712
65440062
75828281
64095781
64908303
77456264
64334444
74734343
76008393
76410990
76566162
76138113
75139061
76190357
76063425
64169234
74284425
76357864
76608974
75168240
75144999
76789641
66722897
64472398
77134687
65478891
64341488
76663306
66051511
65787983
64019885
74287474
65931625
75009557
76601974
76460336
64618842
76966060
76631181
75486777
74280174
65246673
66504078
76808020
76253881
77182780
64555557
65945933
76362452
76603452
75489678
76928778
66374099
76543031
66266002
64704769
76449407
77108216
66377625
66637807
65092323
67235595
76872946
75323243
75345502
66557230
66560318
65276529
64857575
76840931
76864758
76612814
76898933
64906666
65278107
76882068
67400335
76416120
76689989
64139359
76556751
66550885
76742667
75190469
76032016
66708334
64892621
65873689
77254774
75759596
76119447
64215203
76608580
76386798
77456084
74739751
75076264
77945769
67080242
64331904
76583807
76156040
76587367
66284446
66004893
67489623
77060881
67457965
76652607
65898665
76668816
65906390
66309356
64463826
66750676
74741126
66854124
74864941
76612115
76627461
67161630
66630675
75457473
74359741
64570332
74969681
74172424
64145978
65192195
64385368
75390529
74386728
66544665
77128532
76037421
75121094
74093385
76592729
65043030
77968034
74424285
74241212
65496131
66548517
76613692
76714303
76610038
74323333
76482305
75186447
77589736
64168195
67081787
77831313
75222180
64002392
76957776
75171369
77474747
77017701
75614554
64025826
66666629
64111100
64249178
75335914
65740957
65698730
66887882
76600108
76428415
76624797
66153863
76111676
76130063
76624893
76200061
76730373
66416539
64989846
74240982
77475143
76989594
64868690
75521206
76687066
76575946
65989547
76674898
74453056
65481440
76675502
74726472
66265117
76064312
76494329
75552020
76321517
76689891
77500164
75591634
75872696
76613453
74636427
74235964
76002671
75227557
76810716
67508669
74345109
77132199
76042839
75839758
76531522
76806610
66446754
76032723
76457055
76137713
75850606
64509740
76583789
64682887
64783722
66504969
76671369
76072404
65687692
76925902
77535353
76277264
76627277
76067728
76665369
65630841
64869911
76673901
76397138
76967535
66004410
66319022
76664700
74142652
77460889
74215021
66749201
76891611
76963550
64050266
76137482
64020717
76626937
76660006
76674649
77796485
74820531
66550044
76302900
65388802
66718539
76762772
66416835
76180159
66146114
76308203
76273767
76692080
76552093
64541071
76682808
76520192
65419579
74540865
67203107
66609805
75323780
76632905
67033889
65292709
75432059
64275414
76663330
77387373
77224989
76613916
75474379
66544068
64461532
65354091
67297600
75669635
77450007
77225071
75012153
76696649
76785426
76211362
74992396
67477350
65532311
75775450
76004472
75486868
64163015
76250500
64659706
76262222
77699090
66559188
76124834
66857720
74922642
77319271
74031145
65632455
67278942
74940455
76304710
77675213
65549735
64646470
75250654
74249128
75592105
75065105
66597255
67225510
64464884
76921025
66759325
76435260
66690144
67312719
76657316
76108170
76163656
76479009
76211422
77654665
66354559
77821034
75783194
75151735
77660883
64442121
76603563
74297777
74636723
66286909
76535797
77627030
77627513
77378870
76518730
75613737
77431640
65632155
76577450
66277044
65979199
75125222
65267161
77720772
75350893
77741352
66834499
76541925
65354422
76526099
64433131
64585095
76073892
76874774
65017274
65665050
67224999
64848436
64107756
74504808
74362718
75019168
66332412
77225888
76636308
76662252
65121270
64532277
75323599
67071220
77737373
67263831
65822711
77777665
74852646
76792344
76318356
76330222
76204213
76589578
76519672
64015159
64385389
66208272
64066378
75524797
75659605
66954552
76650744
75561819
65188590
74271877
77101151
77158506
76238753
76232130
66525280
77768766
64073684
77670890
75763773
76005571
77155145
77615665
66994067
75768936
76601120
75589808
75942559
76117850
75871232
76208405
76267702
74292011
76620153
76269703
76650009
66146060
75652341
66707148
75555232
76616347
76287373
76360607
75676229
76616938
75633831
76542014
67144444
66403856
66776224
64545232
76115038
75444412
64646463
66291651
67078684
64753868
66558585
76773877
65282571
67517703
76434458
65417444
65460491
76908777
66918006
76072278
67131363
76661487
64646489
65964722
75465147
67444402
77070171
76640442
66240532
74043749
76505036
76192279
77315190
76596636
66759074
74330605
64722222
76110450
76056456
76123566
76503797
77159933
75131781
76602628
77950759
76694987
66189080
75117565
76850662
77647843
75085729
76863596
75776686
76843938
67188282
76479965
74043805
64000009
76272000
66665044
76461151
76035100
76688968
76525835
64999961
76612368
76637409
76624919
76514338
75466437
65340511
76834536
76604556
76761611
74011524
76624703
65389772
76886368
76084664
76860047
76947800
65756074
67434339
66787212
76671509
74880385
75926547
76578532
76857994
76105222
76043355
65753213
76673389
76400421
76240157
65672000
66274970
77283605
76090926
76654707
76348597
75950741
76558774
76998726
67462888
76007705
76294989
64680622
65657865
67569556
65978858
76593716
76661550
76881418
65028502
76692719
66693034
66029109
66705816
74192529
75240139
76067470
77847908
76274429
76881575
67004594
64579797
77614572
75585858
67045606
65813873
65145845
76824491
74365321
65833060
76208557
65933273
77158915
65743802
77465818
76639360
76001676
75226598
67543766
66508270
76058766
64163336
64458789
64533718
76260704
76605394
76258059
75640569
75842020
75459018
76195899
66701534
67408623
76150115
76642828
76633322
76010101
76153820
76940715
76421689
77705856
74989846
76361717
77539274
65240801
76544310
76247644
66528483
76682121
74877235
76272539
64205926
76608830
76422514
64387993
76633479
74332174
76122734
64028686
76685550
76793189
66336376
76548912
76578316
75291951
74744826
77950934
75220200
64455800
75666615
76055465
76631192
75507016
64115686
75585863
76830506
77240288
75706265
76750290
67370022
76593160
65317737
64864277
76671837
67177373
66508957
67310928
77383636
76284937
74406874
76097993
66174967
66606890
65139456
76937075
76085857
65978313
76432776
65696690
76017693
76195732
75794497
64464737
75042772
64125440
77751919
64661488
77545151
66656986
64325641
76667823
65350512
64532788
64641707
66992112
65714261
76967880
76211990
74282814
76910099
67189921
76540958
76602171
76669991
76616160
74361128
76525823
77016272
75508322
77396539
66468080
65807583
76497433
76041111
74446565
76586319
76529585
76063005
74303329
76152266
74412206
76816508
76623988
66681166
74457492
76524276
76437819
66556965
75971770
76447878
76959891
74801667
74626136
76495210
65818181
64985284
74325324
76455095
76274251
76635287
76586394
76489292
76608676
74944701
76270897
74392808
77223057
65641993
76311700
77906009
67208815
66173666
66689734
76643221
76769602
76922131
66999964
74990760
74909830
76285816
76107546
76989595
76142071
76982636
76917040
66003030
76632886
76647010
75606468
76766156
76633483
76268585
76989191
76884509
66240528
77662181
76562659
66946755
76933488
66486473
64024381
64321897
64163122
76595117
76305151
65684333
76632309
76200393
76104846
76904774
74249292
76623300
77963940
67313337
77048087
66834465
74484868
76642253
66917965
74799179
76285766
64004041
76125997
76983145
67293790
66664454
74304890
76493834
65084478
66118965
76367030
74410799
77371121
76181417
64668294
77017679
75415452
77186038
76387171
75475411
77500200
74818089
66457808
76843752
76004140
75664229
74521291
67142284
76889106
76614777
76928092
74402179
75951479
75063723
77156135
64000040
76424691
74336964
65783563
76681968
67368888
75497149
76614467
76707593
75573993
66151818
74370111
65961616
76280773
75011545
75976919
66981166
76396934
66441624
75341206
76607212
64736858
75169413
76665752
64728933
76684039
64391718
75689134
76574316
76799483
74677177
75257409
76604608
75565620
76633283
64448787
75053466
74791175
76041231
67423326
76080053
75447068
74494632
65434688
76783473
75045013
76428534
64277275
76426672
76247788
65593549
76530606
74221262
75156420
64412590
66109737
74320075
67434659
76589687
76600320
76431878
76767000
76510547
75549536
76024421
66956767
76007271
75596001
76667595
74342717
65525438
65674735
74511955
76057445
76010221
76548358
75556355
76084480
67223426
66666661
76088968
76604282
66639594
76604257
76465543
66840000
77476883
67061194
67383773
76323299
75834909
76679188
76582059
77049517
76647772
77129164
77807020
66107471
75804126
74798686
76603035
76087426
76532310
66242431
64746080
76050353
66560066
75577262
76303057
74969433
77395746
76973174
75967629
74335830
65041333
76615288
75821334
76608181
75186868
67418841
76491020
77067898
76404133
76524859
76677070
76316953
75344894
76606669
76151394
74286101
65308448
64172360
76526507
76603834
76678461
75806600
75696947
76481870
76166996
64404043
76577994
65040500
64465914
75260171
76500815
76514863
75266296
76434545
76155780
75536476
76852576
74666796
76734260
76017188
76323303
76713838
66341220
66071317
76561456
75993055
77080804
75817848
76615075
67170937
74112296
76752173
76548833
66183130
75585499
65140757
76038123
65112556
74887216
76644646
64658748
76553119
67237373
76273266
76903901
76414243
76243211
76183373
75807133
66287777
76266007
76123944
65722064
77595186
65932758
67567777
76603067
76303854
76540262
76647278
76656547
76140050
77961428
75626251
76222395
64063163
76864141
76608114
64714823
76009543
76610964
76680883
75579536
76031270
64553363
65597323
75148761
75981948
76746209
65041178
77664082
64233938
76150657
76418131
66960303
76878427
75006328
65680000
66536119
77859590
75081689
75038958
75205560
67076770
76556189
77343432
76759386
76253476
66542812
66396271
64108100
66504445
64563614
76414655
75575580
75110616
75151528
66729935
76609400
75500030
66469954
76200808
77160499
64867262
75040425
66843309
75546384
76878301
77999196
75750303
75935773
66831320
76024930
66564674
66417908
66897577
77787980
77537700
65017301
76766054
67077547
65430291
65063329
77890879
75998623
77675656
75547672
76606022
65632817
74202626
65803094
76218737
67325305
76984052
76777427
66624040
76163870
65912114
66469383
76609420
74922920
76663606
76044757
65715809
76063971
76039540
64414568
76657411
74714756
76442628
76568585
66599987
76506508
75445500
75446688
76730784
76602546
76696900
75752395
75804242
76059787
77307304
76212468
74381671
76098223
77194691
76183085
75840363
75279621
74504448
76904555
75660859
74744747
76542940
76663362
66924128
66920339
74932608
76437750
77081656
76576093
65748535
76472584
74853636
76204045
76994641
66175914
75017981
64296121
76079389
76926015
76534445
74790636
67433528
76500361
76743938
65993570
75633413
66310221
76611188
76055320
76649690
64691051
76121010
64981690
65107726
64199483
77571515
77843065
67461852
76595931
77451722
75917961
66574147
77743026
76431516
77002250
65823904
67428942
64724161
76647240
76323731
64063905
76664459
76680120
76601020
76603822
77926678
75194149
66195073
75009888
64882572
76178187
76243762
74581212
76643699
65069595
76696964
75031115
67131623
67312180
76714935
64757523
67015050
74337138
76700323
77173595
76551397
74530618
76945554
66085285
65292710
64349898
66547191
76256344
75081212
65042049
75125601
76983520
67303838
77959266
67431376
75160179
77035102
76695277
75059564
76517452
77005504
77048817
77250220
76485353
66423576
66255933
75185228
76011296
75377259
75369186
66535341
66387171
64656216
76050303
64951694
66660179
65212166
66369991
76659137
77978957
65144815
65770393
75457702
76224628
64199700
75435270
65224435
64442031
76032766
77903202
76523442
64036565
76615924
77590110
75051405
74709866
76600657
76473599
75148363
76642002
74883400
76952834
75278851
75465839
76007164
76962230
66357021
64535901
75580744
64916563
75610022
76061230
75172226
76033139
74002723
76455585
76539343
77064153
76600287
76621366
76306119
76684307
76736064
77327374
65916556
65344259
77613168
75591939
76094888
76609165
76463636
65579474
76667058
65103711
65529415
75000838
75182895
76918978
67470653
67408159
77004905
74507935
66656196
66543449
66373270
77428492
75768064
76602317
66308006
66976625
76441722
64459213
77006027
75510452
76491870
74265626
76797904
76176831
76995959
67369474
75706802
74808888
75085072
66524084
65936406
74735982
64676104
74437747
74213103
67460868
75898041
75065094
74350723
76262252
66690050
76208706
74483057
77549208
74835129
76205963
76615921
76618217
74805555
75054609
74810628
75294489
65836707
74557085
76831207
75414660
76610292
74477498
64665085
76073734
77227777
75921131
74902125
76168315
76634802
76494658
76649191
76580447
76756925
76833117
76600616
76635751
76889620
74475532
77929289
76810019
77137635
66083494
66051525
65687289
66650609
76610395
76615562
64250000
75656580
74906229
64553575
66238686
65958233
76635510
76854566
65631287
67464274
65639103
67489919
77217011
66146111
76928118
77214724
77572114
74572174
66679011
74050427
65094454
74971155
76665988
65816596
74627247
74444141
75650675
77500524
64185891
76146422
76441333
76255901
77444446
74658396
74057677
76523336
67062162
75438110
66735830
74086647
77988837
77557575
76900960
76216810
77215952
64566456
76429828
75737017
75197021
67000004
74002297
66759490
76577346
64597249
67170250
76616223
66447152
76233838
64797512
76424945
76999916
76315924
76610391
77070480
76800014
76542985
76158726
65517732
66306363
75369991
76748814
76613845
64646407
75887357
75240626
67427388
75210094
64382053
67275858
76552275
67456161
75736995
74446544
76357475
74135589
65501060
66773979
65812681
76551615
76433700
76608888
75368766
66778673
76147154
76833000
76588726
76644355
76680068
74244848
65123956
65165312
67054144
76396793
76888102
76757301
64461831
67458700
74525307
76123743
75325571
74799532
67180902
66335163
66169063
76619762
74863218
75272375
76462207
76786063
74217015
77576282
74447830
77763076
76898022
66104504
75779184
75837898
74005182
74143579
75675532
76113040
65146165
76271469
76292914
74628643
74411172
74500794
65476734
67118204
74649697
76473943
64150128
76478732
76574427
76386205
67209393
76920017
66234646
76492973
76955623
74014522
67251496
75144778
76677359
75361272
76616515
66118283
64407229
75354020
75622931
76602027
76644685
64021936
76610125
66616280
77120718
77026867
76976456
76369911
76455228
76515454
76173893
76862222
76616441
76281785
76556235
77039027
65000026
66222828
66429080
77080134
64672744
64458990
64107680
77575526
74685535
75948132
65552915
66197729
74328688
64531809
64293640
64280513
77886985
64223333
76278282
76477079
74178531
74652653
74313070
74010304
67236134
76609793
77919239
74047450
77122517
76017561
76646407
77298526
74000709
77540313
77416341
66299220
64162983
64669183
76169969
76522593
66566606
74087774
77302178
76410225
76319596
75546848
74602803
76606802
74367603
76833237
77065019
66616605
74741919
76651450
64687003
66525483
76054908
74818283
66550841
66544171
74998787
76028636
75089993
66556856
76157780
74835553
76077107
77176440
76307419
76170410
76189081
66140526
64064099
75315612
76636092
66608649
75278152
64306180
76870121
66942020
75287254
74103966
74359079
75417625
77838768
75399860
76778737
76060607
74217900
65489094
74252502
76390555
77102778
74224835
76081062
76292755
76444126
74706539
76577379
74745307
76340483
65427366
77072006
76544140
74851969
64783602
76638092
76600223
76572499
76538858
76710923
75240260
64020217
76635280
75013147
65006056
65867037
76798541
67252489
74654372
76609178
76870690
77085528
66357878
77161545
77134180
66260269
77682424
75419395
66817449
66599200
67565634
76005191
65248129
66354650
76298512
66577323
64441270
76606969
76607153
75246965
75577772
76634560
67396061
75733232
64367423
64542970
77205834
75743774
76339479
75914016
65642727
74040823
76869193
64103659
64816736
76566667
65002252
65516009
75742525
75110867
74542755
65184513
75269134
65474949
76250858
75271265
77384048
76626346
65000127
74866035
74432283
76570793
76528117
74702076
76779847
75541918
66361932
76004074
76668786
66020182
74989916
76739292
75779906
66748636
76076817
76041675
65005045
66472770
76706043
76456261
66414469
76668839
65064792
74225689
66608500
76547233
76620053
66672493
76416638
76610857
76644511
65046498
65139637
76615869
76623115
74656500
76345680
76622763
76802396
67450734
64217271
76666653
76611733
74158330
64728282
76865477
65091052
74301918
67162359
74438304
66253402
67223566
65150803
76707034
66856461
77128848
65055606
77537026
67470214
74335555
65891364
76220081
65046282
77584141
66603704
77920618
67270824
75894976
67431634
74820082
76037804
64516150
64941350
76182285
76410567
65314247
75014232
76626529
76201178
65965995
76495170
74900478
74886486
75181087
76878847
76517293
77809838
66864019
76228526
65931414
65507295
76215869
66546907
74722570
65555658
76604832
75072672
76507505
76321244
65208266
75249393
66544236
75456002
65376003
76644417
64012315
65083914
67553320
64649271
76689793
66553600
64181835
77552184
77658523
75545330
64636882
66057395
66225252
76221313
67023353
67561616
74644264
65205532
77741625
64295278
76022857
74254859
76030324
64821377
76204112
76231220
67250235
65178424
76747320
66948484
67050790
76202203
67553030
76611390
77099797
76159771
66708614
76600574
76794879
74744533
74745223
74173030
74645748
74054577
77173918
74189292
76987274
75203736
77641992
76639896
64976492
75688463
74246054
75633795
65590072
76057216
66109325
74692665
76084679
67049988
76163892
76623638
76203107
76850873
74322602
66959370
76631520
76495240
76190092
76865944
75216807
75061011
76963790
67061532
76535588
66804747
75540618
75352645
75995063
75702668
76072640
64446415
76413578
76353383
65161732
67125959
76343091
65768894
75658585
74847979
75616763
74462911
64108155
76769395
64793845
76697820
76854763
74563440
76553558
76802662
76605378
75487949
64741160
65102012
76779209
76619901
75930500
76607370
76832344
66889095
75717340
76612039
76888870
65801080
65694516
66272599
76179755
65671671
76513412
76948577
77027751
65113744
76591621
65551383
76431213
76515757
75517328
76246021
74382756
76167894
76192426
76355720
76178651
76181339
76024230
65600671
74032140
76245618
66748199
76451578
76324977
75984698
67274880
66949228
76495614
75228622
76526499
65945505
65646381
67300272
76660808
66126688
76636841
74442323
64412525
76761606
65686811
67213669
66257686
65191364
74051962
67258840
74598128
74273769
65222222
76932337
65841886
75787862
76679012
66933030
76614849
75033231
77506151
66227519
74636441
74831575
76759970
66079924
67422979
75192304
75356651
75422222
76761254
76272061
65330894
67521127
66782604
74769527
67542530
65866726
64724407
76590035
76670360
74036161
65228692
76664694
76609060
76888427
66267070
64545575
65867047
76201979
67399915
75209787
76789415
74856016
75288478
76476762
76600915
65721321
76427476
77862501
75732584
76660512
76686843
76043500
76237244
75021402
64658136
76252700
77104970
76991453
76998330
74865571
64629196
66448652
76507373
64648949
64552016
66486430
75441588
76524364
75607036
74766020
66552957
76131304
66553369
76299222
77667051
74082403
74860646
76484466
65327863
77538003
76486922
74329319
75397100
76375526
76458726
67172886
76644566
76203704
77927161
76706666
66017342
75112868
66304259
65529404
77416993
75974900
66445002
67327201
74155948
77047241
76473631
65321791
76612402
66425513
76753577
76678803
66558855
77351164
76379825
75374778
76624898
76523011
76360538
76148819
76039916
76416547
76035736
76435189
75057795
76745525
76552306
76450101
76429525
76687712
76702779
76635108
66496222
76328849
76577542
76610469
76681379
74840527
77947373
76687885
67116464
74656414
74853975
74005733
74004040
77604747
77348952
77401411
64047782
74758679
75370000
76560390
76366459
75253839
66916348
67023402
66203053
76056694
66864398
76050073
76156089
76458898
74373702
76682189
65670404
76655330
76103817
76502517
75220017
67214598
75262821
76231154
66580051
76056964
76619460
66671594
76603022
75139730
76641812
76665035
76681704
64789045
76804325
76246571
77456820
76697056
75260091
66174904
75061384
67339974
76385050
75309880
65616727
66595959
64750000
77299587
65529347
76331190
66949393
75027099
67427733
74005531
76098650
76109429
64665492
67534242
74674873
74440446
74732747
67122966
64659587
75935959
76650202
75824554
66490201
74644547
66050189
76689561
76885353
67410126
74491882
77712208
75334016
75538383
77827740
74218424
76010597
75823931
66171726
74298156
75537319
76971948
75296009
76444629
76860758
76206400
75200363
75500258
75444402
76674941
76637171
64169332
65697221
75400707
65770655
76284043
75282109
74973888
76045409
77429150
75456496
76616309
74978585
76504141
64998899
76171749
76173987
75250516
76045770
64155954
74394241
67158329
67406161
65414347
64088808
67181168
76621020
66273932
76632273
76531552
76902350
76449919
76589217
75610098
66506060
76562123
67001576
76438849
76643030
76598832
64977977
66032929
65052047
75063860
67220122
64212646
64300599
76617824
66650707
74073172
76953143
76774885
76618996
66992976
66992690
65343590
75762044
75340488
74200480
75051009
76644521
76808080
65008790
76643910
64375367
76666364
64970370
77303005
75703183
65550645
75722063
77172453
66907934
76112468
66276254
76844088
77678944
76743146
65815300
75769149
76166644
67221409
64368449
76652458
74463484
77572422
67402171
75040297
76328059
64819894
65000604
67408404
64206644
74011001
76675350
75702280
67429789
74447038
64599494
74018543
75772921
74214807
74306962
74535985
75752567
64847070
74485677
74012829
76141608
76016180
74503403
76000602
74540460
76259238
76505095
74726824
74086928
76509522
76673227
75066641
77387491
75045564
75374727
74682203
76310606
76102301
76085566
76667796
76975292
76602460
76761541
76622838
75177133
76637835
76519177
76030397
75978030
76116646
64680164
76272423
64016666
76253717
76294438
76684631
76342782
77077966
64734196
77706175
76216466
64683726
76530727
76679045
66637171
76731623
76615361
75357061
74855580
65250025
67409603
77617938
77371984
75829575
76620967
76859944
76063124
76611785
66650600
77794162
76662927
75730812
77619232
64211920
65104848
76605415
67450701
77321772
75990983
75869899
76645211
64603042
76086980
76032509
65676700
67302653
75975221
66172352
76151896
77386809
76205313
76301786
74800080
77685141
66620811
74112126
75060162
76399210
76652976
76103753
76134056
76214506
74194336
76170956
65573907
67327620
64670023
76194242
65999708
76284312
65150566
66808087
77451094
77123535
66917213
66705291
76880337
76461349
67373721
76268632
76430763
65732070
77265394
76020818
66857365
67266969
76606460
64681111
76590285
74543432
74494122
74494900
76685913
74354242
76683524
76548540
65605752
76746880
76380365
76054770
76407054
77965857
76554207
65886393
76431199
76111344
76606785
75682582
74657727
77443707
77232515
76656983
65965745
66403773
64820813
66468142
76764094
74281794
76739782
76607193
76759515
77355989
76735015
76664677
74719963
76578475
65003607
76557317
66149474
74995198
65507455
64669344
64142558
77545203
65946736
66010118
76367370
66939416
76609625
76735567
64292950
65021474
76656946
65317850
75128080
77529818
75700791
66793931
66207406
74321060
76813737
77093939
74487373
77422309
76557838
77201191
67002506
77456414
65550098
65972079
75311616
75068906
74919042
65534141
74412433
76670113
65882001
75658415
77502650
76991411
76080891
76640009
76681748
76725364
64616258
76396056
66966168
76428568
67471859
65813816
77594609
67240774
76387118
67504725
66586990
76222513
65273885
66764807
65641029
76425686
76932604
64240472
76484847
67338043
76252356
77256197
76028788
76991671
76245343
66326883
76598570
76590202
65091922
76548585
77311030
76624022
76206498
76603920
74205358
77373636
66702551
76658275
74516194
77840746
76525522
76503105
76571885
76634772
77671087
75406188
75837913
76550009
74070073
67450761
76577575
64748191
76620608
74251095
74513103
76836106
76602549
75041160
76398310
65680367
76915575
65703937
64127021
67154876
74916489
64216878
66099999
65602204
76255211
75886767
76668824
65354044
74538759
74866467
65752702
65490063
65518438
74324875
76941870
77255511
76620091
66190929
76599290
64474916
74830544
65806779
77795477
64059477
77669013
77777788
76947196
74488444
65211671
66563720
77888888
75171010
66397119
75285959
65006089
76414428
65239393
77199585
76016849
64515842
76991068
65000503
76842253
74754381
74161615
64793692
65147044
75248126
75280291
74456792
65044431
66445378
76085321
76010850
75006949
64029665
76678608
65643760
76560514
75882193
64222352
75457655
77862493
76767611
75809017
74007011
74906667
76659379
77833708
75962609
67038080
65065416
67221452
67409278
77314017
76646251
65898323
65721096
65404277
74680468
75363648
66341058
65588804
75203595
65730133
65837373
75069529
65601597
76201891
66380428
76278700
76420351
66012734
77721414
76426029
76147070
76632040
75148933
76404623
74330105
75308227
65319877
75527099
75217661
76793533
75605576
74621124
67404195
76665108
76553434
65131625
76502260
76643828
75961603
77703374
75338437
75400388
76746643
77792400
76578207
77731125
66737373
64901773
77446824
75714282
64743391
67262486
75976421
64672401
75771355
77673266
67325420
67441256
76884454
65166021
67434332
76378255
76109231
75574454
76103995
75901915
74003226
75697609
77284822
67408772
76403140
66110231
76009585
75065017
64970404
76338875
76116324
76577770
75199209
76547633
76082687
65351010
75764858
66329324
76518886
67376051
74001074
75644090
76681056
76230045
76263382
65553030
65225330
76415345
74427551
74248554
77301033
77150759
64515975
74012738
66065722
77200000
76970897
76643565
75840697
77656634
76617375
64236281
74560112
64073362
76968196
64495121
64154427
77103130
65175612
64403600
74358076
76625708
64825120
65539449
65168684
74036653
67574343
64456944
65989844
66008084
76740575
66992178
64169542
66526331
65727692
75169538
64342363
77920919
77744985
76001221
67270909
67122626
64817170
76582916
77299238
67413066
76024655
75509561
74438434
65341920
67207498
77986937
76794119
66594378
76513984
64478931
67518121
67305212
66907635
64678928
76414580
66140725
66640073
65074663
64916180
65931449
76337117
75170869
65931723
65671254
66455173
65635356
74661942
76143797
76009827
64637179
76612387
77373743
77305656
76871878
77979717
66503195
74152400
76441884
74616350
77277630
76603809
75023747
67174919
65779475
76488707
74915175
76661515
67404412
77362805
75601962
76011080
77961015
76502330
66081898
75838410
66667165
64082963
76804802
76684210
74095486
76608196
76039488
65060258
67470549
77316466
64319282
64374067
75800809
64050149
75659542
66446453
76177081
76298943
67375957
64894040
75817119
76610277
76236647
64006969
76206032
76385449
64005255
76050097
76603701
76116215
76002230
76444637
76444654
76116676
76118175
76261237
75746620
76688101
76263839
76090448
76626314
74164368
74201006
75118918
74017191
76122345
74312525
76445487
76043638
64538112
74051824
74392722
75894039
77458987
64645012
77646161
64526953
76059099
76667077
64044314
76276650
76975017
66004146
64201050
77371047
74061981
64699819
76600577
65353553
76412434
64793533
76221515
74875824
76559693
76656652
76485021
74615140
76689314
74200471
76678695
77907014
67060728
74247324
74725656
64258138
74718080
65002944
77765289
74252829
76426485
75738444
76509210
65957545
74659096
64567016
76312656
65029483
76602787
66209614
76601536
76659315
76927845
76616387
75943290
75617157
76610740
66184163
76623888
66924667
77004518
77663491
76581514
76257513
76902925
66569914
66123960
74590087
76552910
75206478
76778249
76615887
77266233
66299319
76208521
64085571
65914654
75316234
76233940
76088087
76847995
77353488
76820081
75081590
76836330
67325291
76693363
75732489
75008704
75241576
76510797
77006174
74521616
74119909
75286084
67555912
64651818
76599119
76594808
74118480
76637856
74477719
74676610
76078666
74505026
74248911
66407829
74622939
65243821
76612672
66191999
76502727
66605014
65234949
76620906
74678886
74262400
77035065
74993952
74694017
76356969
75114952
77447780
76314424
76648940
65471717
75074668
77741103
64601276
76402093
76696193
77372627
77483418
67569696
77416592
76321410
77644419
76801689
67059626
64487777
75244075
64759245
75646633
76704067
75645757
75507420
77361033
66335442
76475113
66502196
75474718
67498888
66660666
75670579
64657082
65969034
67147483
76274317
65971616
76040800
76154545
75674631
76426213
74965884
75788848
76063042
76137585
66685479
76206262
76061184
74151818
64044250
65064676
64162949
74267105
64741866
76835497
75239181
76042265
75638098
76181879
74372898
76184578
76424280
75232351
64258546
76396502
76092771
67385526
66305349
76033486
76106121
76454604
66144092
76493343
76664513
74041156
74113232
76718873
74672718
76685692
76087957
77784819
67246315
77915552
76732010
66892535
76432086
76613844
67361779
74313000
74083594
76825167
75771760
74925277
74671898
66328063
64436666
76094339
76204353
76147900
76141124
76131783
77274515
76909942
76411994
76117702
76195995
76618266
76203424
77020253
77572489
74393894
67458684
75184535
77405337
76649300
76561913
74313312
75303974
76252571
67227686
77547102
64533773
74648604
64276362
75589145
76635404
76217400
75924072
66103049
77536763
77280106
75548762
76465410
76454849
74440303
65585852
65564377
75945301
76785831
76299684
65046463
74437962
64298658
76400851
65150115
76076989
76471111
66925950
75050029
76574027
65940016
76606254
76621464
76404262
76617303
76615252
65660000
76415076
76665141
74983425
75296620
76842773
76891655
66976440
75626439
76526667
67479095
77565027
75081442
77548796
75007419
76759469
67382361
76760081
76438242
77171313
74756175
76784233
75188462
76150113
76982530
76045914
77303031
76634464
75066417
77420101
65701906
76204647
67015243
65503108
67220002
74086382
77425882
67224386
75739392
76219728
76352545
67464646
66523209
75003110
76025897
76500011
76328598
74120303
65326185
77910707
64973021
76571003
67188892
76766636
67161593
76578775
74120704
74305333
67489136
67448151
65583993
74360283
76674371
77250055
75389224
74480613
74728927
76184123
76061294
75021764
76533458
74088063
74787489
74136464
76585049
75651300
75450709
76292427
74944146
64864527
76040415
66865125
76866200
76300790
75657922
75846170
77017412
76540631
76528743
76271399
65593070
75308282
64786089
76656597
74563759
75766699
76890734
64440926
75601970
76264848
76734392
75843848
77039739
64296947
77230404
66096452
65914087
75226489
74205050
66707475
76945656
76272537
76061106
65113764
75731006
65974183
66247720
75078635
76057581
76990499
76030246
77456765
76144444
76334782
76116616
77153239
75660255
64019933
75099234
76529301
67060505
64793929
76108614
67024013
76211452
76284925
76089457
76570305
65675049
75502158
65375519
76449789
77757596
66990085
74340727
76160442
66201158
76366757
77085779
65578382
76973846
76668307
67383038
67429759
77632785
66209006
64424080
76626262
65778444
77840156
65458215
75314200
66101313
65467083
74105121
77977393
76229954
76622278
76433242