76050576
74043442
66614129
77200442
76614401
76260022
66175162
77217030
74578674
65497555
65492753
66888594
76616596
75625400
67454141
64863232
77049186
64205853
65132424
74115465
76478920
65592098
77005044
77433636
64892528
76273517
76614477
75603220
65536666
75789581
67688943
77233528
76203436
66398414
76043200
77299425
76260766
66370695
65702523
64788693
76800960
66684994
66683312
74620268
66598800
75998454
76423329
66298784
75301123
77685004
65185233
65499825
64842694
76610070
76599836
66325064
67630700
76627048
67668727
75652682
65485357
66758719
75049483
76689595
64864006
76280575
66086517
76255550
76604712
64626764
66319871
77026005
74009787
74652514
75516924
77200700
67360664
77003546
76603151
76572610
74643062
76551797
76741076
66284804
77384230
64622575
65255620
76536797
76666924
74207420
74865800
76713586
66291511
76986689
77833207
67103408
77974976
75565689
77319090
64862325
76602693
77363009
76674798
77011770
76247630
76605833
77082347
66162062
74202090
76541180
64998259
75030812
74588583
74749421
76429996
74080557
76452334
75775858
74376496
65904265
76260253
74101895
65836571
77040413
66374713
75202020
76647411
65891370
65207730
74640168
64468888
77367878
76489330
76070813
77572407
76540308
67416896
74740015
76366465
75259797
67199485
77467959
76811039
76648119
77361971
75228658
65981616
64295714
64930303
67643738
74885557
66473594
74217399
65507917
74882846
65207239
64861515
76612417
64417752
77888199
77836281
75970559
77882374
67383084
76358946
67213405
64417962
76044040
65252290
64138822
75742587
77070707
64237454
74600516
77701898
64228882
67197072
66827477
76642445
65146098
75215472
74682006
74660000
66496697
75644444
77444859
66947835
77739866
76600008
76613454
67480707
66666430
76600503
74444444
67225489
76160227
66437166
65991891
67224516
64435332
75720810
74797720
74479393
75752606
76661488
64552722
76679024
65650505
76615614
66569227
76680702
77162637
65644341
74787842
67177197
76550428
67592466
66167851
66042827
64642614
64741495
76603960
76028235
76600665
76957480
64432727
75216406
75217189
75216773
75216526
76625179
66550581
76600077
66546016
65140357
76268049
76624862
76495762
76333020
74717193
77766018
77770777
76227464
76404129
67408864
66012367
67316230
76867763
77381030
66881462
74437012
76640752
76610776
65999069
75179991
77607745
76306363
77777704
76581174
76568542
64978585
67637455
64863198
66886820
76632971
66556838
66406598
74705331
65136969
66257802
76564042
66935862
66684773
76049268
75977858
76635585
77856800
77775535
77030933
75458369
77378088
74642670
77275761
74228448
76244584
66620606
76618284
76580048
65364481
66971395
64248918
74926495
76607738
75047389
65502062
66982900
74303331
67637425
75685354
65140359
75410095
76848440
76704628
76906037
67455604
74107637
77773755
75151776
76336000
65350108
65306656
66427885
64680461
76203519
77671322
75700145
66473473
76885050
64863893
76260783
75735654
67402217
76602861
76680288
67187507
64437080
75795399
76450705
76114444
65592175
65765630
65707599
65678027
76793665
76787921
76497177
76509090
76117096
64863275
64244975
64381955
66320032
76603700
76970669
66380501
65362180
76260234
74602715
65671232
74737541
64863286
64863220
67369192
76755176
66315555
76202414
76611702
66533763
64224658
74393045
76151565
75467609
76866343
75636434
66517604
64569984
64863270
64547832
76260390
67437004
75490361
66552366
67032981
77405557
76601465
76531447
76260586
65475252
74243481
76313692
77454545
64540909
77333313
75754748
76358903
75582525
76617096
77772477
76614905
74014839
74255046
76517464
66338108
64261137
65723603
66020059
66388571
64239999
65414240
76734036
77202325
64078202
64600460
76509003
76461818
77880311
64924242
77300106
76063319
67232247
77583838
76663040
76260544
64541971
76400804
77999932
76260095
76797974
64655353
66974771
74485290
76373188
76338036
75886238
76633542
66917951
76862133
76043806
64863888
76694171
76840957
76636708
75932493
67154010
77719450
76626261
76847577
76633382
76702742
25657030
75886102
76560909
76616461
76260686
64585378
76639519
76672436
74354500
74380837
64838102
64882857
67015368
76525082
66549983
76999176
64400101
76642264
65743112
66109275
66551059
75283959
76797976
65403811
76415225
77021800
76623873
65040118
77656162
64499215
66134587
66812328
64665544
64073675
77304214
77553230
67224512
77404064
64000058
77948171
75255901
77318151
64293049
65991911
75747373
64842876
77936379
77597272
66664456
75872127
66895919
76959523
76037270
66666180
74370998
77753769
64863283
77522793
67214422
64202023
67058470
76011527
67077668
76207272
76654482
75157221
76260070
76798139
65573604
76403282
66305335
64762972
76631415
65052265
75330677
64388077
76677405
64817263
67224513
75886210
77773433
65073942
77803344
66868143
76314004
76238111
75977769
76406863
76605077
64386853
64251026
66158621
67297034
76621950
64476475
67536707
75478198
76241923
75488181
74056897
74790796
65733571
76631148
76260180
77791756
74220668
76448332
66601009
75959900
76635234
67014548
76793375
75440618
75073349
77517710
66608409
76846001
76640336
74653362
64863224
74573837
76667254
64088223
74434008
76254630
65700572
76607260
75349415
76260092
77345252
65923904
67565914
76446022
76672896
65141413
65141413
65141413
65141413
76680335
74655313
76677920
76017242
77494599
65561981
65904785
64907844
76029041
74246280
74082979
66029393
74500505
66546701
76768564
65632979
77671490
76615710
75500606
74301544
64666918
74549725
74021117
75453159
76022715
75408572
75381901
64863273
65169511
76451312
76203259
65085420
77359838
66401375
67029671
66937437
75045167
66203211
64736074
66130310
64228833
76039485
76260123
76260187
76204320
76654488
76642645
66201996
74455480
76763006
76260039
76616363
64505757
75000707
76950835
65556851
65145884
76213144
75608690
64763649
67432822
67103108
76634823
76328324
77017411
76970360
76615616
76611010
74050290
66647100
76655581
76250945
76766245
75239595
74434004
74722066
75920895
76614507
76324533
66038595
65493290
65338421
75220265
67441734
74747427
64085380
67442115
76046656
67368637
76132258
67280886
76768385
76888624
64206764
77290029
64171808
67408270
76205840
77525130
74878787
64631566
64981822
74215306
65248079
66242421
74076664
76800506
76512951
76209046
76260109
76655196
76817171
64026026
74364007
67036846
76642839
67399452
76603756
66094242
75825839
76368691
67162277
65623333
77187835
77500505
65720993
77101236
76873498
76469972
66018045
76690381
76766399
76636928
76554262
76617938
76780028
74743939
76818177
65185786
64274039
76122916
76925077
66070909
64863193
74993505
74246020
76622254
76529756
76569939
76849717
64165696
76731008
64809699
77606092
74140353
65030339
76602357
76613200
76256772
76608378
74859051
75974887
76527272
64347070
64863210
76038120
76901495
76600164
76600167
75222000
66956647
76603333
64275331
67463202
77365576
64124871
77203387
66959043
76204630
76113739
67006700
76260214
75662723
64457997
76600036
64255013
76689087
76690526
64083093
65891997
75396999
64033498
74097000
76687377
76263480
65855224
66712767
76766296
65899999
76587565
76567137
76260552
77032835
76668844
76791818
74250762
74894618
66963264
64908020
77005074
74033491
76601448
76431431
76631000
76795909
77833737
65926727
64475466
76947474
64051272
76613924
75609972
76915267
64784869
64819823
76642039
76602996
75836208
75786074
67261590
64311943
74744977
76125938
74520112
76115214
64656111
67388701
67256677
64236755
77675352
74388667
76100862
74748411
77653737
67103442
76417478
76606035
76600306
76766004
64662896
74301506
76882349
74225521
77299537
66100000
77769712
75074726
75685900
76260473
76556116
65740057
74664643
66754045
76612481
74515281
76520717
64863227
76260040
65398834
77574137
76768377
76667821
76943288
64883650
76690318
76742032
64863188
76215135
76630541
65991261
76034259
74775244
76634007
74318816
77538383
76835083
75959906
74955598
76677171
77380422
76961096
64148338
75999651
75886205
76765560
74455632
76780064
74719414
74499896
76520714
76260062
65805262
65246262
75886101
75104230
76608812
67475454
76117473
66960126
77815208
64670602
75176152
75790807
76834464
76636306
75255773
76874300
76600086
66050270
66000229
76661544
66666414
76216205
64112429
66648738
67163683
75555702
65054756
65098040
76654647
76340246
65656577
75654091
76697873
66091803
65725258
77405656
74782593
64116111
76026701
76199395
76614386
65524032
76622225
76436031
64513829
66005685
75176720
76422525
64666647
76696255
76991414
74110737
66201746
76511685
77935405
76164032
77736134
75753434
64536548
67061544
77918524
76570494
74394122
64907748
76260720
76922993
76516212
76614871
74485809
67483030
66551664
64949707
66544232
76517792
76202396
64088318
77656308
76636363
64884354
76873580
64105858
77785758
76557643
64116453
66275454
67325423
76526979
76582215
75648101
64599460
74621592
77292900
66552723
77883053
64821011
76882322
66657925
66666419
75486770
65654505
75706553
76707644
76351244
76606963
77975297
75802413
76781262
64764343
76260737
66200013
67325288
67325288
67325288
67325288
76203188
75261507
77661515
65144909
76474287
66790138
66124490
64863208
77068787
76542793
66666466
66070709
76091989
76185022
75867002
65612104
76919993
75140144
75168180
65830800
75566650
77412538
76725627
67686623
64327721
76956843
74539470
76000777
66082099
77537474
76854080
77882310
76883078
77534304
65405858
64026697
66993500
76622652
75413871
66298578
77055937
76600634
76421066
64450000
76442778
67328670
64242360
77538175
66289379
66050231
75539211
65094949
75902505
66602259
65111075
66001010
76582155
64122391
76354313
76237910
76345946
65184591
76289997
76650016
66477706
74717185
75975991
66930530
67185555
74444587
77371887
74131912
65632248
76592159
77627064
64781176
76273408
77282891
74025660
66826060
77206631
66545922
76682775
66888571
64809371
76139999
67517727
74228065
64466666
64554768
77656037
74231337
75144956
76981225
76002669
66578900
67216655
75751414
65390783
75474932
75827257
76142804
77428685
76677615
76647043
66647039
65861964
66669292
66191950
64657204
66135045
64564041
76392720
75989053
76260490
76877953
76160784
66207965
76017082
77951461
66959245
64661605
76632609
66333542
76244524
76661911
74451741
66150252
66215002
64865083
77686152
76202948
65306767
77400118
75265416
64994875
66214466
67360679
76410050
76106485
76274848
66476445
76619228
77651608
76501616
66990496
76376000
65441187
64078103
77005064
76448361
77950779
75112861
76645520
74146617
67224529
76204184
65514085
76611361
67648646
76308460
67429863
77859137
75515410
74348300
66617644
77333459
66051775
67161678
76607558
76210139
66862158
76155485
65816620
76225555
76617300
77775890
64902857
66014906
74394587
64783374
75340381
66445253
76204408
76260598
64251030
64652222
65773992
76260406
67236868
76260030
76260163
76368209
75676230
77661373
76235732
77004898
75320667
74257046
64155235
76008775
76097774
64328067
64989952
76619390
64135331
67380138
64249337
74137300
65426666
66713880
77076464
74006889
64099896
64148958
75988323
76475758
74654014
64579992
75438459
76659904
65048927
65164232
64096316
77552028
66060427
65909090
75823531
65036929
64999938
67385585
67103232
76626863
74776130
76546071
65465055
76582727
75135055
76225822
67409135
76204680
76767999
74507950
75087777
76060880
66518993
66570707
66557682
75065276
76144222
66957484
65504773
65973939
64936282
76766638
76168686
77329622
76868682
76646408
76654601
77519260
77201720
66553238
77673131
65425104
77204496
67484335
66630240
64562310
76708929
75392220
67408940
66544489
75214949
76260761
76582419
66323205
65141766
77038443
76260763
65242224
75353274
75029302
76052218
76610003
66777000
76613626
75331197
77884170
76298593
67441646
77819402
76602943
75656498
64577880
76700740
76687891
76053914
76814281
75747037
66147395
75857676
64863183
65617041
76348429
65721269
76641623
76656531
76200014
67356614
77600177
76655106
77684628
74950708
77378822
65504772
75414154
75000020
65534356
76602720
77003705
75489274
74457233
64867777
66669343
75420522
76656732
76654411
66548913
66554267
66688055
64457989
75506871
67454054
67690697
75828219
66939401
77534646
74481515
65406757
77308567
76598237
76755813
67338003
65622828
77199471
76260781
65212585
77098148
75658787
65792929
76761175
77994610
66635747
67262630
77859019
65525530
76179191
76999366
75313796
76260300
76260310
64913551
75115443
75562544
76535551
76989259
74463062
66362189
65767724
75605575
65775377
77835893
76633295
77651313
74990108
76775460
76146367
76165656
64645518
65613820
76260589
76260621
66762719
64170505
76260428
77553392
77962106
65679792
77182227
77192222
76763615
75530800
76260591
76440093
66417691
76203594
76634242
76944297
76260605
66796705
64598726
67394466
75695132
67427157
64739438
76599438
75796674
65383829
67325064
77793448
74864877
64101010
76656152
74101982
76362070
65068888
65072938
66563351
75717802
76248332
75652762
64733843
66895858
77637620
77660431
66326203
76033995
74650154
67409154
77660836
77371577
77217026
77204020
76209053
65070012
76082515
65221650
67173700
77634848
66508708
74530153
67682557
67200002
76860353
66298346
66629494
77582492
76651719
66087391
20661509
77011334
76619210
77343992
76078938
74276060
77865021
75849935
77830101
77620231
64617520
64137035
67399848
74370443
64961220
64856262
66990427
75075178
77377188
65127952
64863265
65173697
64601010
66702121
66888683
64410649
64884547
65375314
76654655
76603434
74242222
76740049
65939595
74004764
67293939
77083418
66979899
76036402
64053353
67491058
66038701
76202197
66353829
76082655
64995293
74572811
77684987
67053431
77778855
76748888
74281105
76882847
65333504
74031313
64754937
67484689
75846805
66509350
66670419
75131569
66402005
65086477
76121929
65175875
74606750
76025303
77942300
77297472
77007676
65865912
77322639
66638181
64995109
74131714
25659000
64864049
66232331
64229569
64591899
64927374
77880417
65490755
66407272
65374865
64860808
76626210
75614275
77835621
76904894
77552021
75326522
64663232
76943232
74158456
76157071
77495252
76203239
66159823
76260413
74469314
76600053
77995484
65962242
66714444
64355555
75174761
75550057
75742803
67213434
74345078
64234839
74251330
77777673
66666506
77777713
76609873
74991974
74200500
77348671
76902905
76010109
76200124
74202068
74809090
67477511
76143430
66618367
76556388
76429519
74246363
76037239
76641728
76972981
75109580
67158645
75540589
65847872
76204755
77654997
75215108
75215606
75217074
66570235
75720452
76767503
76380376
76281546
76610151
76536363
76127410
76392671
77645519
66624642
66458074
65051999
74300952
76821028
76328345
67441944
74594646
64999015
76465300
67636643
74493080
76415683
77943869
67409255
76848484
74476666
74010000
77766055
67409150
66553397
75178372
66958227
66076273
75307754
76635570
76470747
76370089
76649596
66666431
77575656
76202489
74008764
67131906
75973184
75824254
66666171
65518919
66607939
76421103
76063877
67441733
25659001
76024917
76298571
64882062
75753334
66335120
67502839
74724812
64842688
65942727
74158702
77600097
66180002
75526255
75215539
74676547
65140618
76326497
64817063
65746484
76242313
76260579
76600027
65577070
66000015
66447708
64205857
66749928
74048314
66761499
66873720
74198846
76941474
65834072
67680627
65500759
76641414
76203687
65413652
76938801
77678985
74152190
65101500
74301505
76260931
67448390
74607694
77311010
66375096
67688795
76684204
77522411
77512010
76765050
76434366
65918522
76464386
74959183
76207601
77080974
77170103
76620046
76197347
67276678
76767627
76957434
65761913
66896955
76575225
77193193
66338053
67506530
77939068
65455961
66398885
64707779
74339657
77524059
76280969
75861684
66159606
74232222
67151237
66275564
76638858
66350579
67099103
64863280
65466297
65940808
74445694
76080000
64988787
64273343
65743719
76523352
75052395
66038466
66285730
74619533
75583232
65944949
65425371
66745371
74836087
77869999
75261890
76296754
77859452
66920033
75796474
77129999
66476561
76097860
66163989
74657474
77841212
65072773
66409019
74654046
65097878
77227808
67325429
74947117
64808584
75591578
76262243
76540518
65969599
76586139
64784599
76787253
75231065
77171716
77776262
64864001
67451498
77299402
77302767
77275600
64212929
74272870
67476149
74363242
66000577
76099102
76208126
76609838
66447547
67360728
75078805
75737302
77794242
74343454
66853579
65119999
75772596
75091134
66027272
77212887
64351821
65551212
65292904
74158672
66854915
66605999
66666185
74952441
67357767
66810362
67196980
65115190
64598406
74296659
67246061
76215252
67536717
76838660
67150577
64950651
66971264
76213534
75394758
77888050
65071661
67187503
67215973
74270609
67276293
74928062
75996112
75736966
77069420
64742298
67033060
75232512
74043045
77732800
66341034
65445009
65444484
77373913
76872424
64030460
76260275
76195961
76308560
64812717
64995183
64994957
76260415
77033642
64859438
77063535
65656513
76328989
66338115
74012203
66969667
74933184
77668832
76594800
66323215
77005059
65204444
64533243
75091702
64562381
76817525
66406404
76648320
66562642
76695990
77719285
65956934
75791687
76400099
64681568
76608942
66229349
66194194
64966931
75280944
76784082
67163787
65346317
66552070
75232581
64386789
65708728
66545538
75700019
76199191
76611279
76746457
77360800
77161880
76210077
76095795
77161602
74191011
76803925
76966994
75790811
77010166
76562014
75579090
65628117
67274946
76310003
75733896
66418888
66598679
64037663
74203166
64947981
67144481
64184836
64264213
64895244
75505091
77890404
75244957
76040401
76053781
66910707
67115943
76898686
65723613
74257556
77276113
76645484
75488840
77288733
76385051
65519861
74534648
77146408
75273913
76611425
77526464
75124468
67337979
65198827
77569903
74775113
74017928
76207026
76274177
74735511
77924330
76006565
64242825
76637782
74300929
75758340
66947777
67409143
75578282
77422492
65111934
75841147
76662775
75011016
74475605
77600340
77026767
75803640
74450373
76556100
67424241
76616554
75785078
66888881
77479390
67350707
76008513
67079073
64283131
76016625
76058991
77270440
76334927
67489572
77774341
76260692
74225218
74972967
76923231
74824692
77072107
77902853
75754007
76185599
76260058
77298293
65255533
77653378
75643261
64863284
75702234
65243264
67325284
76600057
77542104
66005983
75820898
76445388
74839330
64005464
76118875
75196161
76504014
77656506
76600068
64118888
77539227
77700101
64544545
66942727
65036888
76033737
76206872
76600978
76083242
66471461
76058153
65000717
65087074
64302330
74742445
77807676
74680101
76562949
75777519
67137168
66786661
77173797
75840303
65236166
76611492
77217882
67236109
64863212
76130909
64672788
67388211
65289699
67358853
76868944
64795982
67006590
66343774
75790457
76496948
76200240
76680202
74020201
76031932
76260425
76690066
74922128
65129790
75307902
74061889
77049042
76560222
76081569
75270321
66925788
66148874
76487676
77004565
65991616
64553968
75039632
77364040
75691828
64228885
76260235
75479076
66661616
76066077
76205756
64994818
76302271
76023352
76690233
74874766
66757535
77877951
66931407
74871769
76130109
64973653
75386313
76671208
76607809
75756835
76490606
64370446
64842880
76161680
77372706
76625147
74229755
64636411
64863179
64863202
64863214
74525247
64519767
76633217
75602323
64917616
75049167
74529009
66788028
76675505
67409140
65603317
77276420
76036605
76933639
76403691
76509795
65857071
76594590
74255599
77131317
76570363
74428838
65514031
76606236
64688921
75520202
64983860
76601729
66141457
65958151
76620657
76260709
76682724
76636227
77046048
64505012
64459789
66633349
65447944
65294409
65521095
76637270
64372762
64574004
75428595
76605300
76045959
75673555
74378890
76599370
76959999
64546595
76260036
64593605
65859442
67572727
66750633
76919948
76260722
74313333
74644567
77440054
64086060
66079328
76215959
67550202
67142323
65942535
64509776
64057238
76600092
76245040
66751089
74916199
64984400
67315627
75985570
75099977
65053204
67201102
77685512
74001453
74398787
74006816
76260294
76260267
76254782
66530083
76209078
64513425
75071776
66692993
76622002
77902790
76719619
77652297
75114388
75579119
64738588
64995038
76605681
66269409
74150350
76656665
76912517
77373737
77516132
76600050
76650691
76563727
75310585
74195264
64827630
66717798
77977449
77151582
76211174
67205267
66521559
74088400
76052109
66522206
66367537
76505553
77717771
65458080
74451421
75706948
77217018
77393939
74440875
76135927
76239447
65504222
67224505
67227753
76505078
67528014
74153873
77807504
76152713
65243260
64891227
77911948
67018392
65456262
74329777
77949135
74189695
77606062
64648377
76642415
64310881
76531453
76600040
77428098
76088575
76000341
76611048
66437168
64814854
65389734
64749877
76670263
75390477
76260772
74337553
64066592
77199200
77723946
75886111
74327898
76768838
64820430
64360520
76768047
76548542
76697171
64271515
77127132
76612422
77705975
74011087
76683555
74951951
64427029
65163944
64238031
76622990
64082444
76074022
76582119
66595975
76209021
66520040
66503184
76812525
76677777
74485861
75095828
64872507
67106684
65209311
74230303
67224507
65485135
76558408
74521717
76133631
65457575
65203289
64939333
64270415
64580422
67235353
65050176
74798140
74504036
65175134
65556788
66040005
66807893
74545608
64963494
76209696
76200591
74306508
64726184
76929625
74745974
65202036
67459443
67300000
67400130
64667071
76567313
67359734
76203162
76260718
76952918
64950149
76420794
76688814
64733981
74305353
75218264
77602121
76659928
65930707
75622784
76678573
65236158
64333651
64509375
65630303
76260658
76622188
65404185
75154333
74072130
64202111
65896544
65696969
76604905
66559320
75034008
76664767
76260049
75900008
76852205
74868443
76236161
76028661
76526972
75677979
77133565
74884683
67374557
65524848
64236937
76823627
66461246
66367333
75284272
76586834
64383325
74734411
76634866
67174032
64510526
76591961
67064699
65493454
76594087
64668178
76623957
74782121
66823500
75513901
76272434
66473335
65779212
65065633
76079305
76141927
77202966
76240842
65644342
65043582
76681660
74160865
65674587
65324944
75229680
75305313
76643949
66589990
74617842
76942431
65236178
64677839
76769457
64643816
76192756
65675878
64506723
75099796
76260208
76364450
76632096
77770254
66666179
66640551
74009541
64385308
76617162
75790578
74300180
76312796
76666969
74274930
66139084
76673445
64864367
65531283
76151868
75495415
77315265
65243240
64178660
67099182
75324314
76650310
64026783
64484631
76666631
75657200
65243265
64042323
66628661
75886227
76204653
76204356
65989836
76523827
76688662
76619795
66578436
77621616
77397566
76165256
66666421
76143306
75992222
74153793
76613100
75269244
74526911
77291594
75508550
77292833
67001698
75605786
76576748
74202003
76726757
65214593
74232142
75288859
64819221
77297863
66669643
76619190
67358745
76603807
75266945
66841617
64446150
76231403
75206724
76643129
75381260
67268998
75191038
76791413
65215700
76309777
65988230
75557200
76591010
75790852
75363201
76657884
76657945
76920731
75801660
64713125
76916146
67595574
74704872
67529167
74878894
65801065
75130590
76138888
76044251
65850304
75148625
76586084
76493914
76075142
67409139
65320202
75855945
74584758
66399488
77794094
65579277
66029593
67054896
65334544
77049521
64784490
65669140
66438604
66427026
74299504
76390785
66197178
65096575
76363589
76664119
66734943
67326284
65770000
76580067
74449696
77184363
67193079
65285556
75887575
66437456
76600020
76600045
65676565
66484148
65921079
76667624
76260414
77398815
76482280
65568956
77950381
74028080
65968647
64391396
76616846
64549027
76627978
76092068
66437172
64222309
67223128
76260232
65991879
65717373
76610284
76657871
76440878
76668282
66550031
76095934
76282669
65143698
75216828
76642571
75419759
77342999
77325544
65991180
76646402
76900547
76010111
74222684
64569979
75804929
76760203
75255151
64863228
75848336
66666501
76530001
65651034
74147262
65360832
77310630
75537282
74988030
64863225
74648874
76938262
76208845
66390900
64503026
65010121
65800000
76535313
74481360
74633133
76671110
76240406
64827235
76124799
64416683
66776999
76205586
65504825
64466546
75065246
76805070
67416464
65243852
74944251
76415151
76212194
76764242
74800280
76200397
76723417
76827501
75700700
76604074
75272717
67256881
66400303
76204446
76260444
76442396
76545103
66445962
76626183
76769696
77057056
76202485
75453232
64863211
77648484
74614793
76434343
64985555
76482469
76501565
67388084
66000580
66474832
67325286
76207564
76200026
64668714
64863222
74788989
76600070
77879990
77816122
75844168
74311714
76260052
74346895
64863196
67261956
64764545
66728305
76511107
66666745
75558686
75790453
76102209
76592780
67093523
75803939
76173972
76718009
64863172
76877970
67374366
76260657
65765958
75681523
67223016
65685115
76658964
76547371
76377766
76543900
75232033
65760000
66630899
76649762
76606321
66666991
65573904
77879393
74020300
74214890
76476602
74118088
76471985
67157777
75292533
76254754
74572812
76052725
76209038
75977789
76383425
75034639
67144712
64080505
75098985
76012090
76205985
64694406
76260374
75752222
77500101
75137474
74217503
76212959
65000774
75203737
76375811
74983950
66168942
64982163
64949400
75319987
75198536
74069203
67209918
74618585
75103072
65991893
66098951
76016923
65873765
74595436
76639595
76190987
65427724
67409163
65135959
76625964
76260467
76662600
74949494
76111212
67104207
74824493
65504818
75022390
77734093
67260665
76947370
67250202
77201368
76675445
64842831
64863266
76416444
64657676
65236159
66931364
76560002
76738355
66087698
74184074
66210577
77741387
75922524
76788056
66770697
75410006
64634920
76577800
76664848
77049054
77400121
65214594
76605000
74787061
65562071
67397709
76028162
76472264
77600115
77306503
76260411
74044077
76051266
66661919
76612555
75038067
76232637
67385252
76260259
76260260
74601210
76857160
65186439
74489249
75800312
76066729
64947721
76327292
76952431
76200664
74354735
66030573
65982927
64516344
66543144
66786401
76071318
76884545
76499090
74312379
74065649
66544715
66552178
66557468
66559975
67237242
66156361
76519191
65212824
64842696
65078888
76506799
75838383
66201745
76726096
75047981
76833608
67374850
76147272
74374147
75115013
67004893
74903909
66000772
65744031
64642699
66769520
67212930
66818431
77235780
76260050
76203106
75827575
76511223
77645014
67389350
64234349
66660196
74300231
76394118
74641312
76149542
76485362
65272299
76649500
74947451
64258508
76970216
75334277
76136262
74716575
76607025
66748447
65292661
65307577
76217112
66871937
64863180
67464844
76275513
66080702
76260233
74202111
76247590
76120420
65092688
67313167
75097121
76615506
76070540
66658271
76290700
76472669
75027113
64806277
76533805
76924141
65869705
76204679
76465608
77013838
76260445
74573125
76566994
76547395
76206010
75097400
76411241
76156695
66947793
76665897
66343480
74872999
66892231
64736782
75533764
65531647
67586767
64662222
66629288
74283348
65571905
66173490
66000262
76600048
77671559
76600073
67242291
65608062
76199340
77251887
64932525
74025848
66374839
77947763
67074455
76667761
76260075
76351164
76209022
76594142
64064416
64530303
74002510
77679829
64172833
76554609
76402428
76760628
75310006
76001012
64660860
66251111
76609721
76864020
66659906
66666411
77200026
76921302
76680378
67161695
76600413
66917331
76600076
76600081
65019907
75278411
76881434
74361111
64059836
76680075
76198027
76340197
65674070
74099650
76480049
67048883
67566733
76044522
64842827
66787187
75217021
77774040
75353545
76260211
66758360
77618467
66000585
75520115
76612514
76207638
77367676
76209095
65517931
76448295
74284899
76755739
77443606
76717171
76002759
66950251
66461343
66296944
66556919
76206016
76026242
75567015
76923033
64457717
76690368
76402455
76600166
64212135
64863209
64490364
65994601
77623939
76595050
66687788
77737978
75594525
77760101
76184943
74036804
64680611
64779876
66195905
67388745
77747402
67188859
75942742
67256540
76200861
65638980
76609601
76199565
65767300
75558492
76202075
74112187
66666174
66666236
65958141
76489866
64812894
77941710
67501410
64474747
67173639
65055385
74727703
65297089
76716081
74381999
76483220
65243259
67417707
76260758
74738776
64636410
76600029
64946666
75708573
74184724
76954665
75791651
64863000
77299243
76657398
67304948
74625157
75768690
75683342
75196089
76200898
76607490
74785672
75361084
75640756
76604640
76619474
76592929
66751215
76624959
76976464
76630282
64023251
75845584
76203963
77726999
76606158
76606183
77556767
65000050
76637583
76214435
75392227
75919188
64211526
76603940
64987961
65995991
65496313
75318855
76077972
66249973
66689686
76574533
76336177
76370780
67325529
75512591
66915473
67233925
66547682
76610467
76357194
75277754
67505749
67080844
76185002
75111765
65617677
64908768
74218605
76501717
74518592
65533503
75288062
67162438
65308809
74171395
67287191
74300086
67011241
66550256
64464765
64863267
64634991
76113301
67124695
74055383
75605453
75522641
76632785
76308818
67525592
76363580
77580307
66748845
64053582
76648424
76730660
76435256
64100000
76222914
74202005
75238510
65031147
76606998
76298291
74341596
74675346
76495801
76602988
76617632
75450768
76443377
76614444
64002323
65980404
65181272
77022530
75357386
64863268
64195710
64574015
76566400
76697009
76964845
76847597
76110423
66126250
74487469
64601610
76835006
76202486
75581775
77542093
75813343
77500127
76545428
66240893
76949849
76722271
66490080
76668117
77854159
76166767
77042077
76510628
67140530
65292902
75799136
76756053
74588188
77217031
65719434
74458375
76196068
67325527
76260644
67104218
76617657
64888833
76966680
76945724
76630941
65511601
76206989
76105878
76202466
66632922
76356524
76612411
77017018
65788100
76944766
77217014
77217021
75581414
76690164
76571800
75942709
66971313
76568181
76595737
65480223
65456868
76876633
76688050
76088817
76524837
76626178
75303037
66121200
76856579
77999696
74951807
64842874
65556725
76925837
76171811
64002851
74900496
74382290
77531915
76967292
76207171
64863404
64024139
74740270
76709027
65633080
65647449
76299437
74566692
75799721
75962424
74251577
76600176
65215870
77774277
64285155
75352266
77511214
77948080
74130874
76205597
76221064
76600009
65318624
76608785
76841236
75557024
74001191
67358307
77772370
76636982
77297997
77053385
76613838
65627780
64630339
74300731
76653632
76737373
76616370
66616901
76650034
76673656
66564189
76614538
76645402
74862154
75272120
67545366
64704272
77215084
76572490
65050202
76657368
66458371
76099907
75905251
74223153
74110246
76616149
76669798
76977604
65129942
67224506
75519797
76676168
74210818
75618150
74800850
67241266
74603120
64864089
76576618
75010402
67053441
76986397
76260606
74149786
74579475
66707173
74518555
74387577
76619053
66422630
77309030
66994308
76607541
66283391
66437825
75977188
64208008
65295235
74812766
76260033
65243258
76159579
76271369
65100681
76157174
76302700
76296782
65279393
76517175
74005660
67079503
76212798
64222229
66778582
65673534
76187127
64569980
76657567
76200182
76073171
77807530
76414782
77862346
66200373
76600003
65966768
76613761
76439696
76157635
76260531
76600157
66668538
64104573
64075078
77552822
75760088
76583335
67012842
66615141
74798371
76167423
66381534
67181474
77948283
77681212
75539292
74242479
77777878
76046536
74203125
65718916
67335901
67170462
67055720
76658564
76161600
76680583
64401969
77538660
66358334
76894921
76936894
77299500
75252544
74110706
64536302
76936892
76539310
76664454
64776969
67237219
76600786
77225664
74362049
75459743
76976579
64819600
74572058
75929203
75759545
77882392
74392117
76205735
67328585
76285807
67224661
65040981
77007765
76614200
76589120
75702812
67099059
74008685
65201580
66539030
67104210
65081111
76581750
66866660
66238950
67388794
75124040
66268387
76260654
74457247
76649027
67409162
76658617
77260312
75297220
76600004
77751777
76941971
75208888
75198153
64661623
74144469
65112727
74747343
74500137
74500138
76222227
75532853
66399115
76636389
76960248
74384036
76231152
76226423
76690065
77579506
66548665
66974313
64569985
64864056
66370880
76230456
77598686
74889191
77333109
76602592
77604866
74914512
67500790
76198998
74339213
76600445
76260245
76456958
74151504
65186442
66621917
76260564
76541600
76510363
76897171
76684485
66666172
75347677
76613894
64228018
66278925
76204041
74590015
74911810
76656473
76038833
74930404
66190078
66908836
76536742
77703375
65055328
75598383
76762249
64863175
67014505
76638049
64208678
76609960
66728886
76797580
76760848
74924884
66570594
76162705
75065247
76211416
74079493
77730490
76209032
65142145
74838553
64669504
76148487
67391745
76413006
64181702
66281330
76925261
65077171
76223426
75361838
76290270
76431102
77004545
64863229
64348382
76723031
77072607
64600625
75114711
76472437
76216139
66542006
74942298
76875300
76804785
76617878
74651909
76371182
76233238
74839920
76633635
65991896
76213262
76260011
75832608
76325050
67023030
76671549
76260495
77313910
75803493
76260378
66814810
65759898
66352106
76766397
64789278
76260567
75105881
74435267
76616960
65000408
74300971
75057670
77970198
75629090
74302929
65308484
76210550
74215886
76281313
74802740
77571273
76497234
74762854
76606575
76659359
76117728
67340013
76129018
64288773
76631105
77500115
77880109
66291192
66612100
76328230
65167904
74047575
76401297
75100760
76921354
76260829
76395107
74452727
75790842
76307642
67388278
76203497
67409132
74500101
75886116
64916589
77087575
76569044
67001322
74520155
66750452
76591287
76839497
76444747
65291340
65876936
77845603
76260572
76677535
76437445
67055743
76111108
64978282
65989761
75277758
76652368
76773834
75084891
65389074
76571124
77217009
76616548
75664548
76197262
64257857
77978143
76202500
75976063
76713599
64864715
74805764
76215150
66670437
75401295
64620848
65269777
76260251
64252192
65995757
76260201
65319381
64542511
67494949
76600158
76766685
67518049
75886120
76907951
76117520
64642298
66852963
64515011
76260119
65907460
74413803
76497309
74866197
74226804
76687981
77399830
76431098
67445906
65650076
66545130
76689816
76029442
76012756
76394117
76385881
65247759
67017263
65449369
77270607
67430594
76260592
75613211
76008077
77974956
66631473
77512440
77534131
75964643
75964643
75964643
75964643
66564460
75961309
67325295
67408357
77208064
75314001
76619201
75992603
76280505
76921010
74737915
74246293
74128306
75216231
66666424
75886230
74222919
65556920
74021860
76623260
75781717
64797089
64879642
64019408
67500033
76610607
64258080
64258080
64258080
64258080
76670924
74111938
64536445
76571965
75456177
76483864
67336245
75893078
74486517
66614136
67408090
64671196
66447553
65388328
64049121
64077667
74978242
75425064
65602608
66072748
75734708
76606903
76260673
66761521
65616913
75694414
64312372
77660636
76260779
77260602
67441264
64863182
65262499
65763433
67522563
65504592
66901666
65176190
76748373
25656081
64196180
76694240
77775344
65070434
76343741
67485772
76610504
75260079
75113999
64416767
74879300
76260746
75839734
65496776
67272510
77403640
66864802
74147269
66075200
66941271
75747374
67690690
76600189
75179509
76600088
65150600
76260065
76202020
65217600
76032800
64663724
76203788
76605732
76379161
76205835
77049025
76042076
76640644
76641831
66748403
76722453
76613528
65689283
75790504
66007087
75348787
77690615
66434949
66800616
76327038
76859898
66346575
76280307
66747071
77375114
74544578
65250805
64031365
64855113
65875586
76171753
65888080
76206072
74220163
74220163
74220163
74220163
64260180
74636131
77932510
64909285
76466282
77943131
77794304
77549591
65686692
66550007
76260077
76365051
76487751
64869572
66629811
74394760
76589074
65720056
77074765
66809277
76449737
76677348
76260653
77543039
76642400
76477687
64888677
75466206
76513118
77030254
75262960
76635563
76270100
74024102
76514828
76671815
76260706
64978457
76604285
76612562
75775984
65961010
65268315
76033333
76624714
76626881
76999878
76590444
76808599
66548302
65024051
66083006
66001138
67222171
74212124
65783240
66994680
76661869
76696883
67428644
64303030
66360222
77738200
64014487
64181787
65041989
64492116
76666386
75297500
77552727
76567260
77604141
77572638
76552914
77204833
67639458
64636407
76585053
76189074
76189074
76189074
76189074
76326311
76572197
74520144
64202903
76173317
76009244
74005324
66152125
75694301
67309073
76960262
74031315
67173031
76086933
65931989
67454331
74650920
76639931
75709928
67540965
74512060
65611710
75268276
76430085
76254618
65070072
75309032
25655063
74882148
25660010
76682052
77550406
64268588
75285684
64204557
76241825
77672020
66341167
75792809
76208403
64912904
77685954
76258467
75607451
76646622
77645555
64649342
65733032
66616902
75066666
75791699
77633448
74878786
77859178
75122385
74878583
65525253
67437002
76035053
64618651
74329561
67632152
76006117
75106415
65839041
76121724
66088550
67680629
66178383
75253710
66005046
64669332
76600145
76898905
74281434
65388091
77949083
64703871
77027799
75795876
76089696
75687111
77291675
76600026
75716032
64863274
74597373
76206242
64811081
75448931
75358936
75945946
76464710
74327744
76143358
77355547
76210696
64737070
76636999
76310949
77724507
77400146
76231422
65770101
75555704
76265729
77064747
66134943
64182045
64390887
64553735
76513044
74546958
64140101
76095677
76643434
76248466
77522550
67582932
75757535
76292929
75832878
75802907
66995724
74523702
66596817
77776822
76394755
77633275
76395359
64044424
75092626
74874856
74444038
76600075
64942586
76603707
77291619
77083917
76480349
64865263
65096915
76670115
65597686
66315920
66422071
66078316
75393023
77063563
66137777
75592256
76114020
65698181
75215688
76500500
66824636
76804151
76015079
66361240
65267777
75401622
76700703
67166355
75283428
76474533
66611485
77595840
77030547
75306666
74805896
77599940
64474017
76006906
74005610
76764399
76903338
65942602
76636001
76092424
76580018
74396942
75203172
77804444
64723366
76605768
76605356
76503969
65236264
76505555
76171717
75438195
76641133
66448549
74332583
67035050
64421481
74705936
76260101
76260005
76260073
67034040
76631020
76203410
76623529
77052720
75555712
75798043
76608949
76614474
76676518
64979636
76260610
67000007
77299379
67187737
76696083
77757930
77294153
76202387
65706532
75495275
65694141
76861515
64718163
76844575
65054713
76204424
77336666
76208262
75374476
77287692
76470109
74434009
66543971
66550071
76718132
67200141
65361010
65287783
66413684
76248606
66481802
76732069
76605392
74550960
75006677
65388256
67215595
77268804
75074818
66323279
67189010
65285731
74744110
74533290
66550953
66554237
64863285
76132732
75973405
64634634
76616863
74300927
77770077
74242492
66424184
66888816
66329422
64973987
65786868
65920303
76104900
75061818
77011712
76602614
76776565
76593050
65615688
74008767
66883419
75753113
76945231
76822456
75543399
75560846
67059414
77204040
64863189
76353025
67325528
76515202
74777477
76082707
67228888
76481468
66490202
65245824
75790937
75913669
76623540
67398589
74968218
64385318
64082878
76406600
64863174
77569389
76608725
76407984
66173100
76200244
64077763
66971935
76941187
74029321
76881717
75672347
77172917
76392352
76757582
64822478
66851769
66945428
76914610
76940606
66547071
76732060
77370980
75275775
66582294
67458888
74429447
75386240
77491340
76083050
77070059
77740995
74635861
65554813
74382865
76086171
77948845
75340314
76974259
65136990
74217516
76247240
76260701
76277257
67458313
77260774
76224339
75335199
75661473
77530909
65355581
77766129
75930155
66578435
65673887
76573685
76036979
64331053
76607364
67166488
74087307
77646563
77100917
76424617
77677344
75353229
64863238
66323150
76484528
66660208
76923060
65382909
76656263
76529612
76716026
76516654
64508989
65499350
76966971
66616895
77554588
77052829
65313518
74090245
67455792
76202395
67470946
76638656
74280004
64185107
75878087
74020051
64280626
77310619
77488814
67368463
66588226
75858648
66499823
76041717
75089780
76137478
77011084
64550052
77684599
67316857
66552131
76026183
74403804
75709013
74180498
76075745
66056745
77116422
76260550
67263155
76260115
66251239
74281378
75605593
76838931
65771164
64258377
77117877
74412948
74520652
77714820
67688909
65749284
67454052
67541198
75242471
76260229
76260289
76260295
74817757
75382594
74571249
77086823
66128865
66004261
65223333
66666412
76514736
66770577
74187730
77989306
76698408
75118893
66611359
77329414
64646473
76600138
75427228
77671611
75833283
76540101
76649178
64077125
67328759
64293202
67370111
75099474
75527652
77317294
64557756
75717430
76666737
75672359
76898448
75112708
77559035
76112684
77327480
77748803
76698562
65879999
75441643
66586262
77672722
77380202
66415004
66954040
76260059
74770707
65185433
64463542
76602729
75238448
74000617
77373747
65355555
76627758
64642100
77291597
75451111
64864054
75530057
74840100
76109168
77276451
77206158
77032590
76770384
76645711
77260225
76600011
76600110
75181398
75237617
77723342
66201744
76734289
75566589
74221999
64575732
77805444
67077427
76600175
76362983
75201422
65330301
64020404
66602329
76600129
76352807
65552026
77796277
76648762
64995415
74337854
66424688
74063585
67682508
76262911
76414675
74213391
66855074
67470921
77541420
65651658
76588595
76600037
67360719
76616257
65070228
64868777
64772736
66546394
75360518
65299633
64842861
76806504
77206330
64995060
75272599
76187981
75288175
66936808
66254065
65516737
65651047
75337117
77669165
77899377
75861546
75383095
74109274
74015733
77363232
77769990
76093009
74914508
66832580
77722144
76642417
77842232
74860526
77882318
76256625
77300808
76098920
76376393
74300371
76924153
76171588
74742025
75578585
76651062
64123564
75999635
76702300
77877694
77950372
76658407
64155315
65860826
66754141
64178652
76406928
77583909
65375897
76660292
76200392
76591999
74807625
64782619
64879110
77277796
65675109
76684455
66141217
64573001
66144444
64459185
77831619
76249661
76146363
74746596
74624974
65556683
64868282
76761441
75969669
77863774
76603366
76641999
74864653
75800918
64723650
64668212
76000017
66698806
77458210
75595936
75858566
75034545
76001704
76260755
74598475
67090279
76666526
64352210
74157340
76613032
67464888
77888819
76233577
75790411
65931616
65950143
75763162
65192123
76260522
75805018
75685478
66451129
65515310
75217188
75944745
76260170
76496214
64011515
76766962
76007305
67314916
76092222
76524467
76441312
64750666
76207415
66366369
76456018
64998515
76067281
75262277
75002010
65656888
77292745
76539260
76457507
67522158
76203130
64865265
76425642
74039090
66207140
74177191
77126852
74366666
74318546
76625776
76586396
76602723
64285335
76063838
67408759
76302953
66110303
66925854
76260559
76477474
64117235
76698358
64117310
76631319
76681116
65675707
66965331
66366509
76260082
76260099
74544733
76393147
76684830
66158185
77069906
76585108
66555349
66545353
66548728
75648555
77940720
76225351
75746675
76600012
76690163
76235033
64181348
66556661
75998895
75991309
75072309
77862691
65255944
76547678
65212905
76200593
76648936
74706511
76343483
77217041
76646465
67160202
67037755
76407990
76625480
77187007
76421699
76093131
66884747
66767272
66964681
76706002
76080808
64208411
75203281
65894835
64587573
76248888
76202514
65891094
76527350
67057737
64863223
64863497
65014444
76675264
76672302
76408655
77107320
76194107
67171096
65380522
77012724
67325428
64999084
76098727
76094828
76626251
65967284
76312292
76093067
76564682
66780937
65938769
65942434
66032020
75360364
77600040
74486134
75014026
64764044
76423284
76441255
66045569
66860099
76576778
76762066
75224913
66674788
77452424
76671070
67514064
64473600
76832142
65255992
64842748
76296999
65991890
77266969
75790501
75790415
76202413
66655848
66666429
76175422
76821058
77731811
77026420
76070084
77541357
77297944
67166368
65688035
75978743
67106978
66588611
67330910
74804960
65518635
76075048
77292792
64569982
77300000
74858413
64779758
76638089
64574509
75756666
66803224
74163771
77217034
77291673
65343878
64130302
67002049
74093248
65202323
76445535
75883130
74801779
76621389
76640204
74119285
74313100
65676239
66602828
77347261
75661010
77756402
76616483
75731773
76600044
67325298
65950370
64658473
67099113
75952451
75424242
76305555
64189834
75852114
64140804
67324688
74915333
65100540
77837850
76250050
74008064
66046471
65341114
74331278
75575172
64382359
65556761
66168717
64883043
76624668
76603539
75290020
66503444
74600404
75921094
67240441
66030000
74804848
66597694
66375821
76766369
76666405
76218282
67312020
76049900
66583223
77694918
64671897
74532299
66012322
66641600
75117937
77294651
76055890
66561212
64148897
65100856
74202010
64984423
74649213
74635376
76016666
76762324
66461047
76255063
66304060
66278300
76050175
64699852
74865083
74412222
76454181
66545264
74730346
76260516
77758232
66666416
75630061
76277627
74747014
65318080
76358939
65385938
74811895
76160581
66150444
67351212
74457402
76202408
76601159
65991901
76421447
64619768
75220222
75891212
67361025
76600098
76600156
76600229
65328484
64179684
76620751
75466168
76665461
76260594
76555555
64828283
76636364
76546955
76604705
76571837
76690223
67215195
67224525
76010170
77228612
76147508
76706222
76202415
74191720
76260626
65667166
64449191
77128323
74049351
66197014
67451354
65504817
75551111
77413939
76819787
76034859
74933737
65544283
75886188
76885295
76653900
76250063
76616128
76035757
76202508
76202681
67103757
74343434
76260027
76260069
74740584
75128747
65675583
76446908
64569978
76613315
74200814
76646565
77941565
74080263
76772424
74016426
75067326
75836502
75191281
76206077
76840995
76683311
66953236
66957235
66196362
66196389
67027694
76600074
76541676
76600069
66700218
64464404
76066140
76358916
74456280
76986680
74717171
76204420
67187300
67211728
76062611
76618708
76620162
66841734
76486711
64873232
76777654
76612444
65574034
76197006
77985663
76260100
66969631
77809298
74489656
74877178
75398870
64800064
64550521
76625941
77879999
74212828
77059507
75755323
77313948
75932461
76260696
76339995
64605797
74251515
74271616
64574050
65616099
76410166
76206594
74992747
67242077
75891515
74744694
74649470
75790402
65345889
65166969
76424545
76251725
76971597
76681582
64863207
75237224
76209093
65913118
76660910
74665844
65573719
77741717
76209013
65875377
74727244
65714654
75495202
65236210
76198880
65824737
64793410
76200200
76260500
76681428
74516087
75458110
75215703
64995116
64995124
75217067
76767346
75424447
65236173
77212141
77048818
67428385
75560050
76181383
66065556
76263456
75093101
74908812
76431905
76446258
64948993
76462304
76342199
76196306
77297704
76395975
76202400
65911856
76476646
75046251
65573677
76250667
74242400
64626565
76260176
76671945
76828452
76211311
76704534
76725440
64468356
76680505
64232299
76202404
64149494
77292245
75387735
66560512
76902471
74415454
64864042
64864044
75561455
65683730
76458320
75459485
77914210
64257972
77240120
76878888
76313106
76622651
76673106
76491919
75273529
67216068
76616731
64715380
76665275
76609533
74679037
76566930
76544516
75447677
76627686
76544466
65932349
77884444
76545483
74709013
65954269
67200005
77155219
65855418
77274949
75756329
65545462
67373726
75878976
67176026
76585591
67445485
64014036
67260265
76604000
64351515
76800606
67594854
65382456
75928246
66529069
66981602
74892811
65666935
76111613
74673275
75065245
76934639
76211098
75065280
75839887
76482533
64428147
77883987
76631112
75613248
65749581
76497721
76600772
64712990
76681832
76574701
76586371
64789253
65272426
65568898
75755656
65679939
76554905
66918630
76200020
76200222
66000555
66329772
75295215
76482613
76302597
76551352
65840398
65625677
76165593
66660258
65792023
77208363
74274343
74439934
65236208
76515012
76502323
65855454
77421265
64196044
76631602
74006892
67257971
76129131
75582939
64863204
65632814
76639710
65116200
76868648
74787949
76724353
74202024
76638550
76260384
76793304
76513517
75005275
76037428
76260091
76260520
77965121
76692561
77093125
66489000
74225882
66572918
76260105
67204963
66208743
66327979
76356864
76586838
77891224
65872973
76246294
74300097
77975805
64713737
67149854
76543968
75483603
77298584
67106891
76706900
76559889
77017714
66045028
76600083
76600141
76600010
74747467
75043291
65720562
75215428
76670324
64064787
65863714
76203223
76244723
64863230
77879360
76612425
65765611
77712525
75666912
76558229
75892740
76552138
76525638
76619983
76557875
67050192
64178508
76844375
76600021
76559393
76526711
76066064
76260087
67597212
66351111
75383437
76924985
76014347
67029055
75404012
76260121
66367979
66150560
75582118
74230606
76244665
75888186
76515224
74862850
74563124
65982368
76630881
74257079
76164452
64626486
64766569
75256854
76579151
66326866
66656306
66217206
66657777
76638381
75181834
66669393
67293979
74914519
77335183
64863216
76793551
76889150
74686060
64200026
64597838
67103413
74134425
67231235
76260547
66256060
76634571
76063797
77220708
76102700
74089475
74094777
76852910
76624127
76017139
75966371
74071003
76624719
76136528
77661353
75114512
76043604
76686375
76133158
75228409
77292622
66100977
75397515
76608476
76608537
77593366
65328888
76609696
77111937
76203171
76150101
64032177
75328432
76657619
75790400
75880882
74090909
76505161
75946666
66777064
76458001
75511315
74280202
66129213
76202028
65555532
76627671
76600082
76617466
75971417
64490616
65958137
65643737
66638638
66566341
76632473
76530596
75629855
77887070
75848133
77675382
64737322
75500900
65503277
74526306
76754600
66961010
75707171
76260641
76102410
65051010
77151415
75000075
64417146
76413100
66573024
65576035
66878454
76572964
76052621
64761844
76050515
76260071
65740720
74202051
76252535
76538885
75825891
76260515
65890622
76764039
76660544
77949249
76187284
77232088
66347863
64640876
76203388
77399974
76231474
75304939
74669924
74360896
76619003
76260607
64867270
77552029
65991892
76260749
74101998
77975808
76671373
75620504
67406772
64055852
76677366
66000582
77101025
76202398
77350002
66222222
76841465
77706441
65552349
64865082
76695858
76203837
74575357
76253411
65035284
76600095
76550000
76313517
77778111
75818110
74927872
76466385
76006943
65844936
75977235
76600181
75123244
67325297
76794013
64262090
75140362
76737508
76313207
76208876
76624553
74414810
64999944
74848787
75198519
65345800
77049024
76864088
66635432
74656756
76817556
74226580
76116864
76116864
76116864
76116864
75233152
65353492
66338444
76622903
75491115
67414009
64248182
66616891
66616891
66616891
66616891
66338563
76668656
77030989
76156135
76213931
76600174
65389344
64073815
64073815
64073815
64073815
74462428
74462428
74462428
74462428
76713580
76713580
76713580
76713580
74226140
77000791
67316464
77049022
64994918
76746666
77397404
77603343
65793626
76920671
74860100
74226156
77082085
25655078
77872847
75308384
74905353
65632852
64890940
76441624
65358321
75649543
76803113
66546198
74448043
75417675
65406830
75423691
66416609
77957479
76791579
76897649
74157311
74159953
74228164
76260932
77815559
74224322
77305212
74222234
74222234
74222234
74222234
66000566
64090782
77571414
64992902
76979721
76025090
65855681
66823960
76636309
76636309
76636309
76808572
76334750
74257152
64252373
77713069
65171713
66722994
67227676
74200419
75445363
75445363
75445363
75445363
65189809
76766246
64934607
66674646
66661114
65181238
65181238
65181238
65181238
77560571
66943859
77472372
77468690
76766129
74221270
74221270
74221270
74221270
77468470
77910165
74227400
76555664
74226274
67357586
75269604
76099881
64152275
66578501
64074840
77536359
77400124
67409287
67690688
67325526
65520405
64000868
66000589
67325530
74137070
76600067
65123839
64995685
64995468
67341507
67367878
64414114
75721391
77095132
67360665
64242978
67360670
64155107
76000139
76690411
76630102
74489913
66408262
75391129
75383597
77258216
75388516
77992184
74546420
74128288
20661008
77068231
76512365
76269545
75019854
74608886
65930622
76762978
76644803
77805329
76650700
76752836
77362449
66321426
75999997
64349262
75250169
64522029
77001096
77274434
65569773
77788057
75159067
77685664
64098338
74183841
75791644
76107093
77259714
74546721
67688670
64728076
67643675
76212017
75426317
74025070
74737789
76260178
75635015
76051615
66401693
76748828
65050877
76260778
76260183
75754937
76180325
76286341
77680211
76566065
76363579
66539453
66854408
65458162
77547322
66055071
64499673
77247617
65099957
75217690
65229797
76564333
76606899
75605585
67291591
76766308
76666587
77810691
65500579
74815614
74396446
76189282
76639292
66472746
76990074
76985818
66251738
64004995
75386652
66898163
66270380
64020102
65902086
65273959
74363723
74750562
67347748
66894712
65786274
74450514
65440329
76647538
75128689
75152770
76800021
75180886
75091583
76632210
76942027
66806240
67397786
76983584
75561010
74928065
76955997
75044756
74222920
74295533
76529589
66487744
67249191
77070060
76058181
77262680
64931631
77630977
75719804
65591698
76247074
66404249
66957272
74680423
66613441
77335174
66535109
64869174
76202379
76647930
64452020
76618835
76618844
66359804
64683877
65592690
74221312
74221312
74221312
74221312
74925493
77203221
77205528
74222528
67075702
66749922
77672327
74227248
74222952
77203267
75730596
74993422
74993422
76201012
76201012
76201012
76201012
66886969
66889696
67682927
77204464
66992477
75790818
67230184
74515260
67690691
76035086
66074943
67166370
67454039
67121919
75750989
66201993
67384936
67441729
64543127
64394040
74993131
77258838
77466003
74300488
76320136
76967828
74015541
64933368
77401372
75781919
76864207
75790462
76394962
67347270
66368385
65569099
65556752
75802954
76200084
74150329
67668599
77865674
74830505
75657070
76602088
65650306
77854603
64635658
76210669
66056677
67587057
65040447
67649550
65759446
67344029
75307709
77662298
77166745
66461515
65991884
75164809
64201621
67685616
77552133
77874056
65496450
66851327
65567138
25660081
74749206
67454021
76031014
76705786
67688942
75629703
66814271
75701010
75795594
75353233
76084640
66638243
64595003
65441255
64707276
76260775
74344863
76039855
75951107
66634347
66500027
64011724
77827417
76160401
76226071
74649696
66935169
76260429
76216063
76570660
67160153
77096706
76515000
76260263
76260316
76492356
76366021
76505780
75258743
74363598
75224820
76458459
64282222
74412679
76572891
76726955
76693591
66477774
77559141
77864484
75445788
75166575
76192442
77463758
65440853
76952797
66749544
74244269
77573085
76206603
75598308
74008569
74263598
66636969
67188269
67106165
67646079
76695600
76867207
66286697
65566540
77706120
74627497
67476197
74385652
65293320
77665050
66322032
77649922
66895830
77203531
65439716
66937466
65268236
65591775
66081381
74282473
64091624
75327077
66931231
74922539
64556583
66091718
77607384
77038368
75794556
66430934
64266957
77859493
66216240
65188493
77859233
67454991
76203034
66403228
67688816
64388912
66664453
64523234
65500360
74447581
77433529
65003123
65349440
75652716
74281145
66231313
65615172
75330898
77167257
76730779
76681696
64898164
77101334
25653066
76260782
75740292
66342245
77896939
76260780
66519876
66273530
65448271
66466914
75794570
77932868
67454031
74162255
67636355
64825305
67688815
65327013
65869736
77840943
66109099
76626666
75736339
77257504
67519904
65189960
65670470
76211103
65758585
64248136
66913509
67443136
74379844
76062980
65875849
76614661
65146008
76001642
64888020
65326039
75274413
76835162
64892121
75215797
66569327
76672880
76978282
65084866
76948446
65857777
75649874
77552922
64266288
25652098
75269997
76251804
76216208
65548888
64382416
76291395
65610780
64530357
66201984
66521054
67313727
77236025
75685359
66417997
65024496
74334805
65956389
66324203
75218553
64363630
76204330
77149111
64534479
77563739
64995392
77594393
76744640
74183370
75080034
64995688
64995032
77494363
76285308
66181838
76260117
25656000
66000581
66200014
76260742
66666492
64208677
64208682
66666417
75074839
76739169
74425362
64646404
76463712
75041303
67448230
74190851
75735014
66520479
75737036
75777571
65777775
77482554
66931508
65104186
66573592
67409130
77398943
67053048
67409133
76611428
76615959
76411918
76089985
77270449
67104209
74010658
66728347
76636655
74804255
64904176
76031818
77462525
67408499
77480126
67315663
76527777
75339995
76021444
77815558
66037362
64463185
74865102
66175945
74386050
76579605
77412121
65771088
76857676
66357988
66358861
64995394
75216561
64938059
74311068
67682974
64994808
74314032
74515267
76214476
65440932
76590859
66075286
65519984
65520477
76211010
64907777
75451515
65637681
76261438
76585672
67455108
76587272
66731852
76521625
77013730
76603818
75609912
65803743
76078709
77463803
76688025
76661882
74942661
66918053
77142020
74518686
76633412
74422524
75656589
75723789
66794112
76440868
75462299
66963794
74344467
74649740
76953516
75140524
66551436
66555454
66556555
66543493
75079058
76044431
74652418
77134292
74544533
64269795
66484107
64995271
75218272
75216471
65117036
74385524
75305714
64262626
66667950
64269517
75697571
75392379
77093916
75146585
75450840
75066262
77240303
76682931
66204421
77659736
77548867
75336607
74115007
64569988
66535355
76242493
77810307
77809650
64049951
66400315
74678746
67204040
66668980
77267074
76086242
77859738
74177233
75829661
66017922
67441742
65375643
64560505
75737558
66439980
77925603
66884122
76931843
75428022
76710074
77559041
75112752
64141677
75322688
74240440
65065298
74193946
76705377
74362875
65145645
64286545
75218276
66388907
77837979
64208292
66997866
75793833
65916666
67003729
76540802
76251799
64208853
77828512
74395486
67161626
76686673
75141724
65049082
75444468
76260093
66014141
66283377
65071667
66283405
64995743
67265858
66669489
66823982
74386017
67475889
65671599
64585751
76216666
75218337
75327017
64994874
67136079
66502121
75414077
76358991
76271144
77563939
67224530
76650334
66000273
66000278
76626028
64603539
64696060
64201212
64008463
64913952
76260529
77559776
64208403
67532957
67432460
74575270
67189205
66748521
67219872
67224522
77259187
74281148
74694313
74655769
74797970
77400123
66895015
75101390
65841688
64831399
77328612
66508888
77461966
75525256
66491205
76433197
76430706
66270590
65334117
76476097
64969064
67104801
77217024
66654551
64759116
75989636
76002351
76574350
76024419
66523400
66251972
76593962
75510606
76621725
65362554
67507105
77254410
64995519
75465431
77217217
76674839
66212121
66606665
76880299
64458255
74497784
76358973
76370013
76764121
74208181
64250126
76665152
65514652
76924205
67410825
74029689
74320101
75509293
76603189
77042770
76853682
76872587
64864009
66526850
75871414
75637800
76883753
77848674
75055859
76399090
65502486
65616564
77200030
74819975
74033685
74952772
76852014
67068866
77028721
76203979
66925917
76077039
76436607
76712530
74970303
66745208
66387110
76522968
64170313
77512839
25654066
67004662
77935548
64127487
74451170
65972817
65501661
77861294
75833900
64252304
65743965
74511105
64863333
76260743
67236064
75990115
76174667
75387999
66308500
76206200
76260533
77680562
76260333
76120322
77559182
76207967
76244295
76214335
67115902
76722039
74728815
77795978
74448047
74707692
77954847
75330511
76260110
74635426
76588831
74747493
64235973
76609806
76623830
75777725
76735836
64597828
76600085
76617777
76609052
76672223
64692929
76850829
76581696
76666060
76545577
64669191
76612815
76639393
76597617
77006451
76922909
76414151
76850201
76993535
75883070
75113166
65360888
64573969
76260015
76008898
77456653
77764554
77727050
77512319
77512255
74365562
77391818
67538054
74479765
76052424
67212642
76093202
76260311
77881157
76260391
64319974
76205606
76015371
66595485
75386507
66757575
74504745
76277510
77004984
76260303
76322723
67451486
76330565
75624878
76292839
76217075
77200405
76365667
76923637
74707265
77949387
76260210
77877070
76601432
75675941
76368181
75595813
64782486
76608270
76579493
76377436
76613458
76734325
76438296
75440309
64786009
75028585
76626423
65071649
76512153
75381010
64023096
64674105
77132483
76583135
66772998
76671120
64088181
64119444
76666506
75790474
64404814
76858576
74035066
65374949
64172126
76338095
77596519
65749227
65292897
76260104
64082020
64573990
77546726
65426969
77521580
64271111
74500015
65052626
66701618
77471549
77319654
67299024
65299816
77293750
77674571
75140805
77873737
66222743
66338761
74527858
65676142
74283770
76600024
65077979
76600072
67392864
67137142
76846575
64562569
76812081
66420473
66439933
66631560
67517040
74545301
65036280
65263046
66053490
74272846
64118711
65750275
65122241
66544890
67437039
67456728
76920785
75300950
76609504
76612787
76687795
65313131
76260750
76717871
64141190
76425131
74006911
64200369
76283127
64242933
65063980
65985590
75020044
76078509
67525515
65608168
65458682
76253348
77216487
66201925
75863768
65394372
66631867
77000887
64286201
75097812
76584187
76614751
77297945
66167532
76511880
75877261
64863236
64373722
77400452
67551503
75870289
64808859
76807232
77033613
66509493
66666681
77400136
66566236
76209076
76028299
76109931
76656686
76214915
77670832
67438702
66773747
76245946
76108675
76806602
76882949
75851935
76929107
66336569
76460202
65504788
67013333
64236306
64752020
76520909
76485440
64781881
76030885
67325427
64863200
76719571
76773434
76668444
76664194
65144359
74073350
66067524
64209455
76973856
64683775
75572204
76200631
64863206
64794180
74536753
66420877
74348389
66565959
77777712
64661577
64709509
65981822
75847240
64868945
74099999
65473737
76956774
64144294
75651594
76115861
65998081
64255990
64379696
64666949
74393919
74328480
74492525
66689999
75215637
75215431
76445549
64995974
64995584
64995441
75217409
76622321
76483030
76656703
67403703
76621462
76564135
64226385
65043724
75870003
76115146
74242303
75204391
65293278
64840866
77570089
66666662
74773043
77612952
75741441
64880017
66184444
64077498
65360889
64235091
64177522
65523920
65808933
74507775
65243263
76260582
67228880
76021515
65656465
77151200
66202052
74283433
76260560
75012811
64447411
76253360
75346881
75241482
76687036
65724680
76703434
75089114
65337722
76260526
75272191
76260521
65534990
77854272
75333929
75469907
76850135
76666519
64923652
76314488
65844630
75227078
75597189
64438686
76202046
65991907
76375440
77902666
65141550
76819240
65846085
77279999
66361940
76203370
64050143
75694022
74698441
76157838
76202375
66074966
64866969
66671022
64940033
77739637
76631777
76950166
75655252
76003917
66312020
76260098
76689686
76081905
75440486
76363583
76303476
76690316
65533232
66666651
77364407
75949414
76011821
76924492
76669325
77292781
76640072
64907078
76637763
76260346
75914856
76313602
76260615
66862934
76944538
65521188
65560060
77329649
75727171
76563956
66931349
64721111
65798630
77260211
67198422
64422064
75065249
67436410
65415254
76490636
76615633
76601593
74012266
76574716
76640370
76220572
66056276
67124691
64208631
64208799
67143983
76800043
75188886
74005980
74131475
77154747
76556426
64074312
64202011
74555648
74182874
66203207
64299458
75136173
64072127
77670646
75464641
66413786
66417139
65069951
77950376
66296507
64907756
65271980
74084404
74712230
76349559
64519855
65236245
74878616
64388851
76110202
76620243
74395068
66040748
64827388
65500943
74111834
76497202
67108661
74555554
76456542
64995354
77282098
64995193
74486487
66555577
76793283
77950373
65008021
75494030
66544194
66545918
66035149
66553590
77750710
66788703
67080101
64577676
67099114
66883418
67383838
74075202
75791319
76408756
76263650
65225529
66550906
76562644
64808369
66574280
76631663
64168199
77217036
66396696
77465161
74777631
66958215
76601800
76658863
67166416
77217028
66789355
76600178
76600025
76600090
65290501
76099268
76801605
77654410
77834855
77739920
66039286
74964735
76116512
74747402
75187907
66104222
76564702
65660162
66286904
76260716
76260708
76208044
76114067
64026498
74128297
76678487
76260019
65231010
66126878
74060003
76227795
76441249
76333747
76577124
75671695
66547956
75407484
66546738
75585476
74525262
77355933
64960000
66732240
77955555
65572907
64370863
66548457
65556680
64728130
76055174
66137401
65161616
66274179
76463894
77260672
75331822
76202402
77275427
76610218
76260085
76667947
64863436
76260094
65836702
76650005
76046262
77950380
65732273
75543706
76576044
77217044
76641124
65708383
64982599
75857887
75635353
74779173
64863191
75226017
65904152
77077373
65678009
74472427
75693002
74789294
76014606
76764847
77115594
76092829
65236170
76260540
76282828
65736761
76296969
76416829
76625306
76260630
76693030
76458277
76449502
66438942
76260595
76436802
67460000
77323228
76678275
76209011
65958148
65142599
76358993
76260053
75052079
77500133
76042996
65562761
76857500
76650803
76606774
66795585
66366106
76699979
65206616
74130203
74004882
76900887
66666420
74058225
76260671
74202067
64817804
64644826
74474771
75238805
76970223
67404537
65942525
76231291
74050040
66999491
75100101
67058988
66197030
76619044
65119595
66324309
67023764
77882248
65406625
76674952
77975785
64544814
76679033
76600159
66916385
66700418
75411157
64952424
64749598
65732133
67373735
76194803
65575717
76681038
76473759
77662742
74333634
66558838
64791878
76356489
76509602
76001010
74242463
76268298
67098800
76209795
64222288
64930596
77100918
65678026
76402828
76533988
77733713
65096761
76610796
76639915
65075144
66996907
76910303
76142092
66567124
65293154
77962575
75250854
76200119
76688897
64711818
76619281
77268498
74254949
64355801
76484160
76022012
75581828
66751013
75265080
66749191
74467335
75531112
67409168
74242420
77303007
76616891
64600726
77867070
67441931
65838383
76143900
66319795
75214027
64553245
67201366
64695923
74010379
77836279
76600106
76918206
75752727
76527251
74618282
67295990
76659543
64957769
64863177
66450610
76417879
66020120
75752225
66931412
76912254
67037752
74030002
75505097
67585858
74129940
66440257
76260702
76260614
65991910
75255132
66944799
74331655
76178293
76211335
74679585
74511249
76089152
74636084
65208311
74050004
76028958
66048900
76602816
76260569
76087515
76268398
76260530
76260056
66275226
76917184
76260072
76421101
76690088
76345873
66364360
76260219
66055088
76497718
76260080
76433939
65968435
77882143
76419269
76532054
76579371
67242303
76520202
76597880
76605055
74313636
76617806
76722700
65662821
74202006
66666426
64695831
67440707
66636651
76488976
76970403
65302268
66234545
67037760
74018227
77217012
65583642
74569292
76058060
66212114
74210888
76600033
66701948
65950788
76600105
65073754
66182492
67214127
76027608
74599114
64690457
77376161
67089467
64638716
64569976
66505752
64008557
77055625
77217020
76964287
76600001
77994490
77950067
64863241
64842692
66969214
76260055
74610154
76542122
77704430
76717611
75338888
74006833
77217042
77199311
76808051
74280011
76200007
76336395
77439560
77420383
64954848
76274662
77217043
77562020
65305698
76609033
65795967
75788696
76260551
76260554
76260535
76141403
76780719
65996136
64895141
76208059
77929062
65891987
65309868
76804747
76292999
76217103
67461348
76400499
76260323
64995108
75977220
76380000
76605901
76516529
76610973
76543839
67376255
67091616
65071814
76636500
76874437
76435183
76772612
77297960
76206164
76070206
75441118
66093333
75681818
76466969
75300696
66168714
67004250
66706349
65476665
76922023
66820902
65797970
76770534
66000094
77604791
74333600
76554980
65508504
77868686
77792403
75650278
77198751
77963496
74291254
76463040
74700621
74299686
65983090
76617420
74562338
74204380
65991881
64444471
66801054
76341614
77823119
65036257
64667043
66066451
74137728
64445883
77787264
75861525
74598608
64353344
74523632
67168585
66569387
75261691
76766387
77016197
76857575
66666176
64676767
64590754
76897657
74363888
77846082
67325307
75051319
64741497
64630991
75602265
74176495
74126214
76134979
76107732
74373486
66149115
74240404
75890262
76113636
67414996
76211216
74339772
74276290
67484747
75987977
76189259
65073131
76600022
76246969
76250086
76260231
75450113
66080800
75561958
77262322
75094118
76682525
76409416
76740106
75450006
76657818
76626265
76610618
76504242
75303939
64024646
76260276
76418498
76600646
76471372
76516398
76472098
76231663
75149669
65685260
76494946
76411090
76501265
76537250
76648066
75071778
76312622
75725985
76536767
76565675
75303909
76211969
74020902
76821393
76260111
76260261
76351744
76226349
76260698
75065278
76260713
76714646
76260438
67221492
76636333
65457433
66773519
76874083
76386373
66374168
66938304
74238555
75605558
64842790
77494435
64863199
65310404
66769179
76364829
65236179
67058484
75762187
76579797
76624060
76609606
76614374
77662778
75751640
75060618
76689698
76067890
75839797
76579595
66661408
77133535
65438871
75791652
66493016
76208888
66787840
76671413
76600193
76600103
65201756
65223030
76631626
66900005
76222222
76252948
76045140
74063954
66056045
76278217
77033687
64242928
67206852
64609696
66985121
66022044
65456332
76360025
76378339
64699677
76450131
76260319
76260252
76455432
76607980
76428828
67102457
66918723
76395208
76091030
65638777
76927441
76425683
76515580
77652029
76350986
76260410
76260355
76622180
76203245
77171140
74338298
76510060
77051718
76202383
76558305
67179898
64414444
77314905
64601683
77170172
75121868
76630807
77468169
77267709
77584041
76610100
76810524
76619385
76606004
66873600
76621212
74761616
76621258
74515102
76516530
76206150
76552668
74300922
65133632
76508818
64632399
75605590
76591425
67212641
76685752
76750830
76084500
76611926
76649013
65065598
76150857
75101270
66984098
76858031
76443636
76083000
74290859
76823938
76667140
76260024
76117171
76669661
64863178
76444494
76915832
64078028
76920003
76623629
66536043
64106683
74360907
65522095
64287241
74726524
64087791
76255604
76896495
65946761
64021616
64982662
66045861
77449376
64461185
77161577
76496464
76890000
76668826
76260096
75929290
64014963
77332525
77161619
74006832
64462172
67020520
66154542
66918351
76260076
76260086
76260057
65842591
65991898
64376955
65313126
77655219
76260717
65254680
65726088
75239235
66265152
66978951
64321210
65599296
65304207
64429985
66264628
64979128
75610400
76168756
74173418
75301107
66763030
66598080
75144747
66182142
77222109
77217022
67224526
77864894
76205352
67188499
75725998
65955023
76776990
77260223
65389970
77291900
76791254
67205038
64799151
77280031
76838382
75449434
74061616
66225402
66202070
66937449
66510284
74310510
67441740
76847393
64548493
75296363
77525055
75431307
77947414
66039175
76863636
67047005
64002626
76475974
75505096
75357063
74677143
75602789
76648826
65420357
65286888
67167272
74406666
64469993
75664159
76424298
77949914
77260627
76607669
76668544
66202053
76678163
66651164
64652062
67166375
75045511
65476146
65555529
76606650
64969254
65315662
66660379
67005940
65550288
76011953
65981939
66277624
67200561
75905424
66873986
76206063
64399898
75949631
77500498
64945897
76010515
64998671
67070707
74221333
76179535
65990854
67403005
76037111
77981803
74026759
66681068
77000304
76260439
65815777
76220992
65510354
65098510
76802828
74228989
76213428
76106937
74136218
76427473
76207767
76429923
65638950
76329512
76260161
65183474
76434444
76351131
65437373
75861535
76428793
74929765
76225418
76477245
67171708
74346426
77212450
76045855
74160793
76624340
76007789
76214153
76615305
74300222
76620173
65236171
77299980
64430976
76623496
76189580
75841986
76476545
76653606
74508448
76642070
76682390
76674264
65867253
74940671
74155333
76639511
74218189
64789044
76623535
76405158
74553266
65083434
76690224
76550572
76964244
76122227
76122829
67123018
65142993
76260084
76260112
74564565
74241800
64584851
64539054
77583932
64387077
74835128
74865275
77202322
66145028
76435132
66375090
66484352
76260013
64526465
76260006
67007182
76260023
77617561
76260041
64573994
77413279
76276401
64574019
75078397
77947289
76828511
66347572
76920894
65757584
74657811
74454807
74522020
64842686
65874974
77593514
77256454
65788948
66554848
65342236
74776767
77946120
64929565
64416372
77715558
77000010
65840468
77717155
64009053
76250284
75250422
76203600
66229393
66666425
75317316
74641556
76004040
64400861
65199768
77044760
76028623
65141489
74065922
77661443
76679224
74571010
64335555
76600109
77188026
76570218
76652854
77230803
76732786
64007124
77777792
64898888
66225301
66035220
76006741
67171714
76623030
74541515
75555151
66237676
76135429
66116611
76396325
67181239
76663363
77972564
77981717
65573886
74001222
75065281
75065283
66942995
77077500
64935525
74084576
76160385
66440920
74152115
74648231
65838387
65048333
66666175
75767013
65749937
67078791
64847179
66742626
66666181
76909043
66953388
64933737
67095555
65082176
64669549
76688806
64274004
64273972
65126256
64636414
64179914
64467235
67591944
76128728
64162814
65457405
74337474
65839693
76090455
74555051
66194885
76006237
77656299
76606128
76260106
74515264
75661410
76671106
66356483
75892164
77541670
67260867
66201926
64574069
75080101
74536565
76656938
65504597
66138958
74203053
67325425
77572853
65022089
64684414
76620634
75239030
75221922
65375465
76600051
76661717
64484632
64863185
67183587
77884242
65573866
75220216
74563450
74663529
76610226
66454755
77791859
76650092
67254208
77111141
65857522
64864048
64864055
65711595
67022590
64851919
76260169
75955957
65593419
75609648
64276957
65262555
64600540
76660575
76143184
67446785
76329761
76597158
66178200
77271111
74914507
67356316
76419105
65900000
74071212
66435045
66200026
76260051
75899888
76234591
77292758
74202064
67413714
76492205
76652181
76600065
76605151
75315600
76683668
76217514
65250068
74527258
76697868
66314154
76618505
67257999
76682963
77994918
64184663
75582157
74042626
76000066
75847022
76023636
67365327
75606060
66257685
75816050
64655536
74222525
76847877
74088399
67174467
64434381
74330645
76493761
65201758
67325761
76496969
64296199
64245880
75117490
76613178
76141414
64098585
76123456
76218227
76570591
74140048
76687312
74204401
66296967
76277000
74101004
76298005
76570552
77118223
77282828
64374141
65979797
76633510
74361061
74442666
66640081
75154469
75790672
77775400
76032609
74474747
77490000
74365148
64995120
66510529
66632324
65981771
65651470
64864097
75073251
76203300
75038820
67362518
76840030
74374444
67099105
75966267
76035945
74035676
74388150
77325434
76264627
76641106
76030306
76582447
74495976
76260273
65830404
64863203
76260710
76260736
76168585
76081000
64521717
76160907
65991889
65991899
75030009
67224528
76388084
65981808
76794244
65236172
64908759
75708787
74001212
76978603
66584628
76244848
76233677
76688444
65921717
74202115
64163080
74413775
66949075
66437130
66804530
77325050
74861889
77134861
75465421
66493601
75374988
65692371
65681522
66998181
76646508
76060458
75870006
75699151
76600197
76414343
65557630
75638383
75951531
76625352
77262795
76495444
77683178
75290000
64300123
77739127
64428724
77985819
76744359
65806188
76204820
65837020
65837152
76260507
76847420
75073766
76669826
67218585
77280134
75303211
64667004
76750075
67408534
67294694
76260573
74267290
76661010
66842595
76969696
76419312
67368509
76363576
64982600
76209075
77501182
76332622
76556991
65781111
75856478
65999909
76260108
74104669
76504753
76434311
76613472
67063535
75089857
64305932
74994545
66464236
74394734
76688811
74914524
75271049
64001808
66437181
76648189
74115063
75923276
77292863
65834939
64863239
64863219
66909563
76687028
76619050
76640783
75357882
65551454
75388445
74595905
64736870
75650101
75594461
76676506
65504769
76896040
74030393
64074690
74036063
76003890
74698785
74908145
64665747
76233872
67216073
77096444
74029725
76200271
77694416
76428396
77701857
76227407
67301233
65360833
64328515
76201515
75293318
75622748
76676943
76123627
76558166
65206600
65261440
65765050
76077330
67261638
74037300
67223133
76505118
76676775
76645577
75248888
76656868
74281372
76661606
74191114
77270404
76202054
76338319
76110849
77323272
67175667
67137391
76001080
76623247
67400561
64783269
76455112
64236919
76615508
74602894
76098842
76600017
77553867
77509834
74140922
77777715
66931463
75795896
77247543
77001911
76114973
76548956
75932323
76631349
75417792
67586679
77254008
75530851
74483381
64232395
76204751
66867479
76600937
65111010
74189187
76639483
74564135
67267405
76260563
74545580
64203164
75324400
75553030
75205692
75683853
67257968
75791629
74111155
75694403
74300789
76690032
66547979
65443234
65931919
74533424
76358923
74503838
65041764
76260118
76260034
66571414
74366137
75785890
66611263
76217601
75699811
64753489
65650096
74407993
76469146
77082832
76272917
77972529
75490383
76494959
76041404
75358307
74440773
74684851
76175473
66939944
64344456
65820212
76202232
75308652
76504094
65648826
76355006
76603122
65170395
76616161
75771929
64381994
76593370
67163482
77217003
76635454
76817533
77217001
65583100
77547070
64914292
74891580
66999591
66693777
65855715
76600216
76090728
76662379
76697150
64779644
76094649
76260395
65050219
76260405
76260274
74467676
76595610
76000201
77260224
76064453
64592104
64019248
75494917
76204719
65478193
76019956
76639507
64863197
67059997
76645001
65965659
65785641
64162516
66619363
76631040
64930749
76714879
76280528
77508444
76479344
66006371
65243257
75111111
75252274
76214116
76602050
76383922
75885604
65181401
77232715
64535029
76005446
65019196
65952243
76260527
64049410
74902282
74434378
65991900
76448017
74080540
76679456
76214602
75600097
76260616
76260556
76906166
74084650
74447884
65236162
74589092
74747533
74575788
75856633
76011282
74880243
76575789
74542543
75216559
76203637
76093350
76138705
76431623
76108410
66000573
64369036
76781867
65991908
65393993
75380951
76665881
75267070
77202368
74497226
76810177
65201712
67160383
66173223
74945656
76601133
74296011
76006554
76070870
66006614
76640026
76832149
67090910
76512482
77306363
76413335
76920893
65310284
76362245
76324887
75761634
64828131
75446633
67236020
74634298
66141419
66661122
67447918
65871555
64020231
67224520
64277589
76600030
76600006
76943838
64697979
77858557
77325285
65573616
76133637
76173415
67385501
75702237
76334242
67305253
66076907
76642707
75609996
66722043
76660031
64669994
75800060
76559896
76201786
65315610
76048304
64741199
76917348
65529469
75937575
67124975
75265694
77317813
64841707
76048667
76050640
66222866
66196985
76006666
77142238
77444448
64809226
74096649
65554062
76030317
64431399
66577711
77456111
76192601
76206161
64769699
65994550
75438802
76260010
76260081
65925891
77975449
67336556
77100498
64039347
76105314
75886015
74746112
76260656
76260144
77217004
65479361
76260216
77046163
65043733
77655950
76600187
74620529
75525307
74290686
76170202
64863264
76580004
66972250
74522008
66223671
67409165
74830557
66838303
75591917
64213371
66398128
64863226
64863187
76520586
76413169
66323820
76032293
66543472
65200880
65225798
76645870
76200029
75614135
75826868
66551560
77957486
76611865
76103569
74434003
74227720
75950038
76180303
76384855
76209015
76427966
76243938
76101111
76346220
74221285
74221285
74221285
74221285
66159886
76925012
66521275
74224529
74229595
65677692
65677692
65677692
65677692
76168133
74225974
77661086
77830909
65589454
67162478
66079076
76627006
76685845
77575239
64208588
75614014
76258483
76735988
76858301
66677118
76600168
66690612
66666184
76616135
67224434
76280030
64416377
76779004
65611713
65768216
76205342
65668955
66336186
76598361
76620980
76145050
76623399
76879063
77500490
76618195
64863173
64466580
76858633
77270134
77406505
67221984
76154889
76757542
67474049
76170084
74430384
76984841
67237544
74344489
77774545
76202570
76617075
76644950
76424013
65743118
65292903
76652424
74156868
76260113
76260166
76819595
67320545
76646060
77056345
76540080
66049265
65308206
65010000
65236168
75545157
65504776
65583838
65854757
65375240
65553211
66601140
65869712
77260200
76570723
66656760
76621841
75210121
76654925
74649165
76681732
76634357
76656420
76166668
65667245
64458491
65275416
74213709
76203052
77239514
65390160
64863186
76915709
75185093
75379492
76000063
75244686
75074973
75533422
64378484
66950295
65197938
64969766
74523969
64274444
75654210
66079053
64906614
75683434
65140565
65573705
77592356
64545247
76645757
65272181
65675556
66917791
74878964
77082899
75226215
66184343
75985076
65029574
77550037
66989503
75046757
76067606
76264379
76864291
65518808
76003927
65329230
76187059
76600173
76260212
76060219
77955478
67302929
76260007
77065098
76208243
77239366
67125568
76260029
75218621
77297901
76005391
67160426
75208813
66139901
76569871
76573838
74006877
76203131
77394126
76600171
76393976
67223636
77400129
66515473
66967777
74573977
66352312
67400400
76324242
75807670
75659898
65674739
66757531
75602939
77125431
67175149
64863195
76025454
76649454
76649464
74420780
76644577
76803480
76313939
74343445
66119944
76385174
76622714
74173470
76380025
64240287
66883412
75903636
66635298
76014552
77593418
76266040
76404440
76263823
74014833
76113751
76191901
66621922
66621922
66621922
66621922
76402282
76596788
76596788
76596788
76596788
75511539
64588027
67296888
74221467
74221467
74221467
74221467
66883848
66883848
66883848
66883848
74228183
66841267
66957480
66957480
66957480
66957480
66847748
64676517
76619815
74226743
76260305
64941977
76266741
76266741
74221307
74221307
74221307
74221307
65595330
65595330
65595330
65595330
66840246
64722505
74172597
75386399
66883522
66883522
66883522
66883522
76128434
76128434
76128434
76128434
74699462
74113266
74220890
74220890
74220890
74220890
74222574
67077987
74002114
67470839
74558776
76464923
77291620
77552818
77553275
75939578
75939578
75939578
75939578
74484955
66177541
66177541
66177541
66177541
66362186
77239583
77821186
76260534
77566776
65736485
66855456
77678710
74339231
77206678
77453615
74228708
74220369
74220369
77204410
66235769
74225233
74222670
66767661
77203060
77247703
76137601
74223571
75649525
77200795
77203405
74227229
74225027
74221444
74221444
77202269
74455715
64745640
66647979
74229303
74268807
77665975
76266741
76266741
75324566
74225848
76583899
67054742
64463780
74229972
76816911
76816911
76816911
76816911
76039812
74533235
74220356
74220356
74220356
74220356
76333929
76315638
64496419
77874742
76974562
76636309
65448261
77586944
65640181
66783158
65090987
77280258
76766379
76766379
76766379
76766379
64100152
77553444
74980198
76229409
64924546
64948129
74220369
74220369
77672126
77697626
77672835
74224578
66840371
75657195
74243479
74221877
74221877
74221877
74221877
77203262
74225891
66840312
77204919
77730808
64989600
64989600
64989600
64989600
77566892
77203343
64207760
65167921
77246764
77794672
77141941
77141941
77141941
77141941
77202476
77203127
76241436
76241436
76241436
76241436
74227568
66840337
75753003
75753003
75753003
75753003
74035385
74035385
74035385
74035385
74226302
75668520
74993422
74993422
75694301
75694301
75694301
74221444
74221444
74225532
76751811
66200000